[PUMPS]
SPECIFIC SPEED (US/SI): 1280 / 25
CURVE FORMAT: CircularFormat
HEAD: 72
134.2 0.0
141.38 9.49
150.65 18.62
164.05 30.7
173.28 39.84
184.63 49.31
195.92 58.25
206.19 64.69
216.45 74.14
227.75 84.43
243.24 94.9
254.44 106.68
264.77 115.08
279.13 127.34
290.43 135.31
399.94 180.04
40000.0 22350.0
210.21 139.53
184.62 129.31
162.99 120.34
142.41 112.36
120.8 105.52
102.29 100.79
80.73 94.91
62.18 91.71
41.58 89.07
22.13 88.58
2.61 87.46
-15.39 86.95
-36.01 84.88
-51.55 81.1
-67.19 73.12
-79.83 63.97
-89.42 54.65
-94.73 46.89
-101.29 36.01
-108.93 22.37
-115.44 11.42
-118.32 10.63
-121.67 -2.85
-125.09 -15.9
-128.42 -28.77
-128.27 -37.36
-125.52 -52.1
-122.5 -62.44
-118.48 -74.02
-113.09 -82.53
-104.97 -94.59
-89.37 -104.1
-70.53 -112.4
-56.46 -115.88
-36.33 -121.59
-24.06 -122.87
-23.79 -123.43
-16.89 -125.87
-9.5 -131.06
-4.12 -135.44
0.8 -142.3
37.51 -301.88
71.81 -421.83
14000.0 -28000.0
91.42 -312.5
78.6 -146.78
81.61 -136.57
83.47 -121.85
88.28 -108.14
95.14 -89.03
103.22 -69.44
112.65 -53.47
117.58 -44.15
123.6 -35.16
130.49 -26.75
TORQUE: 48
151.3 0.0
173.73 11.31
198.53 22.53
246.53 39.03
262.49 47.22
279.92 54.12
301.77 62.12
317.74 69.72
9100.34 3046.08
335.22 135.06
303.17 126.75
291.58 123.62
271.18 120.13
261.03 116.88
231.95 110.9
197.97 104.58
169.75 100.37
141.4 97.57
100.02 99.95
70.7 106.1
56.57 111.69
28.25 125.87
-0.03 145.7
-12.39 152.2
-32.71 161.21
-50.15 162.01
-79.24 148.48
-89.4 129.79
-93.82 115.5
-98.18 104.93
-98.14 83.26
-96.72 60.72
-99.59 46.47
-101.06 29.23
-106.86 2.95
-112.72 -19.51
-117.03 -42.77
-127.23 -80.2
-4776.8 -8164.13
-16.68 -147.76
8.05 -120.73
21.06 -98.98
41.45 -76.49
67.6 -49.52
95.26 -30.74
115.57 -19.5
138.9 -7.53
151.3 -0.03
SPECIFIC SPEED (US/SI): 1800 / 35
CURVE FORMAT: CircularFormat
HEAD: 64
0.0 84.96
27.01 86.85
50.36 90.63
75.18 93.78
100.73 99.44
149.64 113.93
178.1 124.0
200.73 134.07
226.28 144.15
251.09 156.11
272.99 166.19
25000.0 13000.0
250.36 101.33
232.85 88.11
210.95 69.85
194.16 55.37
173.72 38.37
156.2 23.26
140.88 6.89
135.04 -0.67
119.71 -27.11
111.68 -50.41
106.57 -74.96
104.38 -99.52
102.92 -119.67
103.65 -137.3
103.65 -149.89
105.84 -169.41
110.95 -190.81
115.33 -207.81
122.63 -231.11
7500.0 -15000.0
65.69 -203.41
54.74 -183.26
44.53 -170.67
32.85 -151.15
24.82 -139.81
16.06 -131.0
9.49 -126.59
2.19 -124.7
-11.68 -124.07
-22.63 -123.44
-40.15 -122.81
-50.36 -120.3
-64.23 -116.52
-78.83 -111.48
-94.16 -102.04
-108.76 -85.67
-114.6 -75.59
-119.71 -63.0
-122.63 -52.3
-122.63 -41.59
-122.63 -29.63
-121.17 -18.93
-117.52 -3.19
-113.14 10.67
-108.03 22.63
-100.73 34.59
-90.51 48.44
-78.83 61.04
-62.04 70.48
-50.36 76.78
-33.58 82.44
-15.33 85.59
TORQUE: 70
0.0 147.93
9.49 141.63
22.63 132.81
37.96 124.0
50.36 117.7
61.31 112.67
74.45 107.63
87.59 102.59
98.54 100.07
120.44 99.44
149.64 99.44
174.45 100.7
194.16 102.59
224.82 108.89
245.99 114.56
269.34 120.85
15000.0 5000.0
250.36 36.48
232.12 30.19
213.14 22.63
195.62 15.07
175.18 8.15
160.58 2.48
151.82 -0.67
136.5 -8.22
119.71 -15.15
101.46 -24.59
87.59 -33.41
71.53 -43.48
61.31 -51.04
50.36 -61.11
41.61 -71.19
28.47 -83.78
15.33 -100.78
0.73 -122.81
-12.41 -142.33
-23.36 -161.22
-38.69 -183.26
-48.91 -199.63
-59.12 -216.0
-67.15 -229.85
-79.56 -247.48
-10000.0 -18000.0
-174.45 -227.96
-164.23 -201.52
-155.47 -178.85
-145.26 -151.78
-135.77 -124.7
-129.2 -102.04
-124.82 -86.3
-118.25 -65.52
-115.33 -51.67
-109.49 -27.11
-105.84 -2.56
-104.38 9.41
-102.19 22.0
-99.27 37.11
-100.0 52.22
-97.08 69.22
-97.81 86.22
-94.89 104.48
-89.78 125.89
-87.59 135.33
-81.75 147.3
-72.99 154.22
-62.04 159.89
-49.64 162.41
-35.77 161.15
-22.63 158.0
-14.6 154.85
SPECIFIC SPEED (US/SI): 4850 / 94
CURVE FORMAT: CircularFormat
HEAD: 49
112.0 0.0
119.53 9.46
126.29 17.54
130.85 23.81
137.57 31.34
144.32 38.24
153.38 48.62
163.95 60.03
176.72 73.26
186.44 85.96
195.55 95.67
8000.0 5080.0
140.05 117.01
119.95 107.99
100.02 99.95
80.05 92.99
60.01 87.01
50.01 84.04
39.98 81.97
19.99 77.05
-0.02 74.0
-12.15 71.58
-19.65 70.41
-32.45 68.72
-45.22 66.36
-54.26 64.65
-79.82 53.16
-92.56 42.85
-100.1 33.01
-111.45 12.94
-120.47 -8.86
-124.23 -32.44
-123.4 -50.93
-118.23 -69.81
-106.9 -88.84
-95.65 -99.75
-73.08 -112.43
-49.04 -119.85
-27.88 -123.29
-3.05 -125.06
22.5 -129.05
4432.0 -8120.0
106.72 -114.19
102.18 -84.19
99.91 -61.83
99.97 -46.84
101.48 -27.34
107.52 -12.98
112.0 -0.02
TORQUE: 37
200.1 0.0
216.47 15.18
229.11 27.86
240.74 35.89
8960.0 3310.0
180.75 112.31
154.96 107.15
129.05 104.57
100.02 99.95
77.43 99.4
64.51 98.08
25.84 96.81
-0.02 96.8
-47.72 93.19
-77.81 76.76
-91.4 49.41
-94.31 20.46
-96.24 7.1
-100.17 -18.17
-104.05 -30.76
-109.81 -50.82
-123.38 -94.65
-4433.24 -8204.69
-30.18 -163.64
-14.61 -149.59
-3.07 -136.97
17.4 -122.07
33.9 -110.93
50.42 -101.35
81.45 -82.73
99.9 -70.9
121.25 -56.81
143.64 -44.93
157.17 -33.04
167.86 -25.57
181.53 -14.4
200.1 -0.04
SPECIFIC SPEED (US/SI): 7500 / 145
CURVE FORMAT: CircularFormat
HEAD: 32
82.0 0.0
96.85 22.37
116.83 43.31
140.96 66.36
170.1 91.82
7947.95 5161.93
160.01 127.03
140.04 117.96
119.95 107.99
100.02 99.95
79.99 95.01
60.0 90.04
50.05 95.02
39.97 90.03
19.96 82.01
-0.01 72.0
-11.21 69.4
-34.48 55.22
-50.31 29.86
-61.94 6.69
-73.62 -7.49
-84.37 -18.64
-104.39 -38.03
-119.33 -56.67
-4463.0 -8299.0
-41.13 -157.52
-12.1 -135.06
2.05 -116.38
45.37 -94.02
61.15 -62.73
69.44 -26.15
82.0 -0.02
TORQUE: 31
84.9 0.0
115.88 29.59
175.78 75.98
229.99 109.68
279.3 138.38
8376.98 4652.8
226.19 141.49
198.03 130.02
169.71 118.87
141.45 108.88
113.13 103.3
100.02 99.95
84.9 100.42
70.69 99.06
56.53 108.9
28.25 96.14
-0.02 84.9
-25.32 73.88
-44.1 57.04
-64.13 10.59
-81.78 -16.87
-105.29 -49.62
-133.49 -89.65
-158.16 -127.74
-6646.74 -6646.87
-158.13 -191.05
-82.93 -138.23
-39.34 -107.64
10.0 -74.94
44.07 -44.32
84.9 -0.02
SPECIFIC SPEED (US/SI): 13500 / 260
CURVE FORMAT: CircularFormat
HEAD: 120
0.03 59.38
9.63 63.39
20.96 68.75
33.9 72.77
44.41 74.78
51.69 76.79
61.4 78.79
75.15 84.15
88.09 92.19
101.03 99.55
112.35 106.25
127.72 113.62
143.09 121.65
158.46 131.7
176.25 141.07
190.81 151.12
208.6 162.5
224.78 173.88
240.15 183.26
28000.0 20000.0
261.99 168.53
247.43 156.47
231.25 145.09
215.88 131.7
201.32 120.98
184.34 106.25
173.82 96.21
160.88 86.16
148.75 74.11
134.19 60.04
122.87 49.33
112.35 37.28
104.26 27.9
101.84 24.55
101.03 19.2
101.03 16.52
104.26 11.83
105.07 9.15
105.07 4.46
105.07 2.46
103.46 -0.22
101.03 -2.23
95.37 -8.26
88.9 -12.95
82.43 -17.63
75.15 -22.32
69.49 -27.01
58.16 -33.04
52.5 -35.71
41.99 -41.74
32.28 -47.77
23.38 -53.13
15.29 -58.48
3.16 -65.85
-2.5 -71.21
-10.59 -77.9
-16.25 -84.6
-23.53 -89.96
-28.38 -94.64
-34.85 -99.33
-38.9 -102.01
-47.79 -106.03
-52.65 -107.37
-59.93 -112.05
-66.4 -116.07
-74.49 -120.09
-82.57 -127.46
-96.32 -136.83
-104.41 -144.87
-113.31 -152.23
-127.06 -162.28
-137.57 -171.65
-144.85 -177.68
-153.75 -185.04
-164.26 -194.42
-176.4 -204.46
-186.91 -213.84
-198.24 -223.21
-207.94 -233.26
-214.41 -238.62
-227.35 -249.33
-26000.0 -25000.0
-206.0 -197.0
-205.51 -195.76
-193.38 -180.36
-179.63 -164.96
-169.93 -150.89
-159.41 -138.17
-152.13 -128.13
-148.09 -123.44
-145.66 -120.76
-142.43 -115.4
-138.38 -108.71
-131.91 -100.67
-127.87 -92.63
-125.44 -88.62
-121.4 -81.92
-117.35 -75.89
-113.31 -69.87
-110.88 -63.84
-109.26 -55.13
-108.46 -51.79
-109.26 -45.09
-110.07 -41.74
-113.31 -33.71
-114.12 -27.01
-113.31 -22.99
-107.65 -16.29
-101.99 -8.93
-95.51 -0.89
-88.24 5.8
-79.34 14.51
-66.4 23.21
-55.88 28.57
-42.94 34.6
-28.38 41.29
-20.29 46.65
-10.59 52.68
-4.12 56.03
-3.0 58.0
TORQUE: 107
0.03 68.08
8.82 71.43
17.72 76.12
24.19 81.47
33.09 86.83
38.75 90.18
46.03 92.19
56.54 92.19
68.68 92.19
79.19 94.87
89.71 96.88
99.41 100.22
105.88 101.56
118.82 105.58
130.96 110.94
137.43 114.29
149.56 119.64
157.65 124.33
169.78 132.37
182.72 140.4
198.09 149.78
215.88 158.48
230.44 166.52
243.38 174.55
253.09 180.58
-25000.0 -22500.0
241.76 141.74
222.35 126.34
200.51 110.27
185.15 98.88
166.54 84.15
148.75 68.08
137.43 55.36
129.34 43.97
122.87 34.6
118.01 26.56
116.4 23.21
116.4 19.87
119.63 17.86
124.49 14.51
130.15 9.82
133.38 5.8
135.81 4.46
135.81 2.46
135.0 1.12
130.15 -0.89
126.1 -2.9
113.16 -8.26
103.46 -12.28
85.66 -18.97
71.1 -26.34
50.88 -35.71
28.24 -50.45
1.54 -66.52
-8.16 -71.88
-16.25 -77.9
-21.1 -81.92
-27.57 -85.94
-37.28 -91.29
-48.6 -94.64
-55.88 -97.32
-67.21 -102.68
-76.1 -108.04
-87.43 -113.39
-98.75 -120.09
-112.5 -130.13
-120.59 -138.84
-131.1 -146.88
-145.66 -158.26
-159.41 -170.98
-171.54 -181.03
-181.25 -189.73
-194.19 -201.12
-204.71 -208.48
-217.65 -219.87
30000.0 20000.0
-207.13 -168.3
-189.34 -150.22
-171.54 -131.47
-152.13 -112.05
-144.04 -100.67
-129.49 -84.6
-123.01 -75.89
-115.74 -65.85
-112.5 -56.47
-110.88 -50.45
-114.12 -39.06
-118.97 -31.7
-128.68 -28.35
-135.96 -25.67
-140.0 -21.65
-140.81 -15.63
-137.57 -8.93
-132.72 -5.58
-123.01 -0.89
-110.88 3.79
-97.94 10.49
-91.47 17.19
-81.76 23.21
-69.63 28.57
-55.88 34.6
-46.99 38.62
-35.66 41.96
-28.38 47.32
-23.53 50.67
-16.25 56.7
-6.54 63.39
SPECIFIC SPEED (US/SI): 1270 / 24
CURVE FORMAT: SuterFormat
HEAD: 89
0.0001 0.634
0.071399833 0.643
0.142799666 0.646
0.214199499 0.64
0.285599332 0.629
0.356999165 0.613
0.428398998 0.595
0.499798831 0.575
0.571198664 0.552
0.642598497 0.533
0.71399833 0.516
0.785398163 0.505
0.856797996 0.504
0.928197829 0.51
0.999597663 0.512
1.070997496 0.522
1.142397329 0.539
1.213797162 0.559
1.285196995 0.58
1.356596828 0.601
1.427996661 0.63
1.499396494 0.662
1.570796327 0.692
1.64219616 0.722
1.713595993 0.753
1.784995826 0.782
1.856395659 0.808
1.927795492 0.832
1.999195325 0.857
2.070595158 0.879
2.141994991 0.904
2.213394824 0.93
2.284794657 0.959
2.35619449 0.996
2.427594323 1.027
2.498994156 1.06
2.570393989 1.09
2.641793822 1.124
2.713193655 1.165
2.784593488 1.204
2.855993321 1.238
2.927393154 1.258
2.998792988 1.271
3.070192821 1.282
3.141592654 1.288
3.212992487 1.281
3.28439232 1.26
3.355792153 1.225
3.427191986 1.172
3.498591819 1.107
3.569991652 1.031
3.641391485 0.942
3.712791318 0.842
3.784191151 0.733
3.855590984 0.617
3.926990817 0.5
3.99839065 0.368
4.069790483 0.24
4.141190316 0.125
4.212590149 0.0001
4.283989982 -0.102
4.355389815 -0.168
4.426789648 -0.255
4.498189481 -0.342
4.569589314 -0.423
4.640989147 -0.494
4.71238898 -0.556
4.783788813 -0.62
4.855188646 -0.655
4.926588479 -0.67
4.997988313 -0.67
5.069388146 -0.66
5.140787979 -0.655
5.212187812 -0.64
5.283587645 -0.6
5.354987478 -0.57
5.426387311 -0.52
5.497787144 -0.47
5.569186977 -0.43
5.64058681 -0.36
5.711986643 -0.275
5.783386476 -0.16
5.854786309 -0.0001
5.926186142 0.13
5.997585975 0.295
6.068985808 0.43
6.140385641 0.55
6.211785474 0.62
6.283185 0.634
TORQUE: 89.00
0.0001 -0.684
0.071399833 -0.547
0.142799666 -0.414
0.214199499 -0.292
0.285599332 -0.187
0.356999165 -0.105
0.428398998 -0.053
0.499798831 -0.0001
0.571198664 0.042
0.642598497 0.097
0.71399833 0.156
0.785398163 0.227
0.856797996 0.3
0.928197829 0.371
0.999597663 0.444
1.070997496 0.522
1.142397329 0.596
1.213797162 0.672
1.285196995 0.738
1.356596828 0.763
1.427996661 0.797
1.499396494 0.837
1.570796327 0.865
1.64219616 0.883
1.713595993 0.886
1.784995826 0.877
1.856395659 0.859
1.927795492 0.838
1.999195325 0.804
2.070595158 0.758
2.141994991 0.703
2.213394824 0.645
2.284794657 0.583
2.35619449 0.52
2.427594323 0.454
2.498994156 0.408
2.570393989 0.37
2.641793822 0.343
2.713193655 0.331
2.784593488 0.329
2.855993321 0.338
2.927393154 0.354
2.998792988 0.372
3.070192821 0.405
3.141592654 0.45
3.212992487 0.486
3.28439232 0.52
3.355792153 0.552
3.427191986 0.579
3.498591819 0.603
3.569991652 0.616
3.641391485 0.617
3.712791318 0.606
3.784191151 0.582
3.855590984 0.546
3.926990817 0.5
3.99839065 0.432
4.069790483 0.36
4.141190316 0.288
4.212590149 0.214
4.283989982 0.123
4.355389815 0.0001
4.426789648 -0.053
4.498189481 -0.161
4.569589314 -0.248
4.640989147 -0.314
4.71238898 -0.372
4.783788813 -0.58
4.855188646 -0.74
4.926588479 -0.88
4.997988313 -1
5.069388146 -1.12
5.140787979 -1.25
5.212187812 -1.37
5.283587645 -1.49
5.354987478 -1.59
5.426387311 -1.66
5.497787144 -1.69
5.569186977 -1.77
5.64058681 -1.65
5.711986643 -1.59
5.783386476 -1.52
5.854786309 -1.42
5.926186142 -1.32
5.997585975 -1.23
6.068985808 -1.1
6.140385641 -0.98
6.211785474 -0.82
6.283185 -0.684
SPECIFIC SPEED (US/SI): 7600 / 147
CURVE FORMAT: SuterFormat
HEAD: 89
0.0001 -0.69
0.071399833 -0.599
0.142799666 -0.512
0.214199499 -0.418
0.285599332 -0.304
0.356999165 -0.181
0.428398998 -0.078
0.499798831 -0.0001
0.571198664 0.032
0.642598497 0.074
0.71399833 0.13
0.785398163 0.19
0.856797996 0.265
0.928197829 0.363
0.999597663 0.461
1.070997496 0.553
1.142397329 0.647
1.213797162 0.848
1.285196995 1.075
1.356596828 1.337
1.427996661 1.629
1.499396494 1.929
1.570796327 2.18
1.64219616 2.334
1.713595993 2.518
1.784995826 2.726
1.856395659 2.863
1.927795492 2.948
1.999195325 3.026
2.070595158 3.015
2.141994991 2.927
2.213394824 2.837
2.284794657 2.771
2.35619449 2.64
2.427594323 2.497
2.498994156 2.441
2.570393989 2.378
2.641793822 2.336
2.713193655 2.288
2.784593488 2.209
2.855993321 2.162
2.927393154 2.14
2.998792988 2.109
3.070192821 2.054
3.141592654 1.97
3.212992487 1.86
3.28439232 1.735
3.355792153 1.571
3.427191986 1.357
3.498591819 1.157
3.569991652 1.106
3.641391485 0.927
3.712791318 0.846
3.784191151 0.744
3.855590984 0.64
3.926990817 0.5
3.99839065 0.374
4.069790483 0.191
4.141190316 0.0001
4.212590149 -0.19
4.283989982 -0.384
4.355389815 -0.585
4.426789648 -0.786
4.498189481 -0.972
4.569589314 -1.185
4.640989147 -1.372
4.71238898 -1.5
4.783788813 -1.94
4.855188646 -2.16
4.926588479 -2.29
4.997988313 -2.35
5.069388146 -2.35
5.140787979 -2.23
5.212187812 -2.2
5.283587645 -2.13
5.354987478 -2.05
5.426387311 -1.97
5.497787144 -1.895
5.569186977 -1.81
5.64058681 -1.73
5.711986643 -1.6
5.783386476 -1.42
5.854786309 -1.13
5.926186142 -0.95
5.997585975 -0.93
6.068985808 -0.95
6.140385641 -1
6.211785474 -0.92
6.28318 -0.69
TORQUE: 89.00
0.001 -1.42
0.071399833 -1.328
0.142799666 -1.211
0.214199499 -1.056
0.285599332 -0.87
0.356999165 -0.677
0.428398998 -0.573
0.499798831 -0.518
0.571198664 -0.38
0.642598497 -0.232
0.71399833 -0.16
0.785398163 0.0
0.856797996 0.118
0.928197829 0.308
0.999597663 0.442
1.070997496 0.574
1.142397329 0.739
1.213797162 0.929
1.285196995 1.147
1.356596828 1.37
1.427996661 1.599
1.499396494 1.839
1.570796327 2.08
1.64219616 2.3
1.713595993 2.48
1.784995826 2.63
1.856395659 2.724
1.927795492 2.687
1.999195325 2.715
2.070595158 2.688
2.141994991 2.555
2.213394824 2.434
2.284794657 2.288
2.35619449 2.11
2.427594323 1.948
2.498994156 1.825
2.570393989 1.732
2.641793822 1.644
2.713193655 1.576
2.784593488 1.533
2.855993321 1.522
2.927393154 1.519
2.998792988 1.523
3.070192821 1.523
3.141592654 1.49
3.212992487 1.386
3.28439232 1.223
3.355792153 1.048
3.427191986 0.909
3.498591819 0.814
3.569991652 0.766
3.641391485 0.734
3.712791318 0.678
3.784191151 0.624
3.855590984 0.57
3.926990817 0.5
3.99839065 0.407
4.069790483 0.278
4.141190316 0.146
4.212590149 0.0
4.283989982 -0.175
4.355389815 -0.379
4.426789648 -0.585
4.498189481 -0.778
4.569589314 -1.008
4.640989147 -1.277
4.71238898 -1.56
4.783788813 -2.07
4.855188646 -2.48
4.926588479 -2.7
4.997988313 -2.77
5.069388146 -2.8
5.140787979 -2.8
5.212187812 -2.76
5.283587645 -2.71
5.354987478 -2.64
5.426387311 -2.54
5.497787144 -2.44
5.569186977 -2.34
5.64058681 -2.24
5.711986643 -2.12
5.783386476 -2
5.854786309 -1.94
5.926186142 -1.9
5.997585975 -1.9
6.068985808 -1.85
6.140385641 -1.75
6.211785474 -1.63
6.28318 -1.42
SPECIFIC SPEED (US/SI): 13500 / 262
CURVE FORMAT: Unused
HEAD: 89
0.001 -2.23
0.071399833 -2
0.142799666 -1.662
0.214199499 -1.314
0.285599332 -1.089
0.356999165 -0.914
0.428398998 -0.76
0.499798831 -0.601
0.571198664 -0.44
0.642598497 -0.284
0.71399833 -0.13
0.785398163 0.0
0.856797996 0.222
0.928197829 0.357
0.999597663 0.493
1.070997496 0.616
1.142397329 0.675
1.213797162 0.68
1.285196995 0.691
1.356596828 0.752
1.427996661 0.825
1.499396494 0.93
1.570796327 1.08
1.64219616 1.236
1.713595993 1.389
1.784995826 1.548
1.856395659 1.727
1.927795492 1.919
1.999195325 2.066
2.070595158 2.252
2.141994991 2.49
2.213394824 2.727
2.284794657 3.002
2.35619449 3.225
2.427594323 3.355
2.498994156 3.475
2.570393989 3.562
2.641793822 3.604
2.713193655 3.582
2.784593488 3.54
2.855993321 3.477
2.927393154 3.321
2.998792988 3.148
3.070192821 2.962
3.141592654 2.75
3.212992487 2.542
3.28439232 2.354
3.355792153 2.149
3.427191986 1.909
3.498591819 1.702
3.569991652 1.506
3.641391485 1.31
3.712791318 1.131
3.784191151 0.947
3.855590984 0.737
3.926990817 0.5
3.99839065 0.279
4.069790483 0.0
4.141190316 -0.112
4.212590149 -0.3
4.283989982 -0.505
4.355389815 -0.672
4.426789648 -0.797
4.498189481 -0.872
4.569589314 -0.92
4.640989147 -0.949
4.71238898 -0.96
4.783788813 -1.08
4.855188646 -1.3
4.926588479 -1.5
4.997988313 -1.7
5.069388146 -1.89
5.140787979 -2.08
5.212187812 -2.27
5.283587645 -2.47
5.354987478 -2.65
5.426387311 -2.81
5.497787144 -2.95
5.569186977 -3.04
5.64058681 -3.1
5.711986643 -3.15
5.783386476 -3.17
5.854786309 -3.17
5.926186142 -3.13
5.997585975 -3.07
6.068985808 -2.96
6.140385641 -2.82
6.211785474 -2.59
6.28318 -2.23
TORQUE: 89.00
0.001 -2.26
0.071399833 -2.061
0.142799666 -1.772
0.214199499 -1.465
0.285599332 -1.253
0.356999165 -1.088
0.428398998 -0.921
0.499798831 -0.789
0.571198664 -0.632
0.642598497 -0.457
0.71399833 -0.3
0.785398163 -0.0
0.856797996 0.052
0.928197829 0.234
0.999597663 0.425
1.070997496 0.558
1.142397329 0.63
1.213797162 0.621
1.285196995 0.546
1.356596828 0.525
1.427996661 0.488
1.499396494 0.512
1.570796327 0.66
1.64219616 0.85
1.713595993 1.014
1.784995826 1.162
1.856395659 1.334
1.927795492 1.512
1.999195325 1.683
2.070595158 1.886
2.141994991 2.105
2.213394824 2.325
2.284794657 2.58
2.35619449 2.77
2.427594323 2.886
2.498994156 2.959
2.570393989 2.979
2.641793822 2.962
2.713193655 2.877
2.784593488 2.713
2.855993321 2.556
2.927393154 2.403
2.998792988 2.237
3.070192821 2.08
3.141592654 1.95
3.212992487 1.826
3.28439232 1.681
3.355792153 1.503
3.427191986 1.301
3.498591819 1.115
3.569991652 0.96
3.641391485 0.84
3.712791318 0.75
3.784191151 0.677
3.855590984 0.604
3.926990817 0.5
3.99839065 0.352
4.069790483 0.161
4.141190316 -0.0
4.212590149 -0.225
4.283989982 -0.403
4.355389815 -0.545
4.426789648 -0.61
4.498189481 -0.662
4.569589314 -0.699
4.640989147 -0.719
4.71238898 -0.73
4.783788813 -0.81
4.855188646 -1.07
4.926588479 -1.36
4.997988313 -1.64
5.069388146 -1.88
5.140787979 -2.08
5.212187812 -2.27
5.283587645 -2.47
5.354987478 -2.65
5.426387311 -2.81
5.497787144 -2.95
5.569186977 -3.04
5.64058681 -3.1
5.711986643 -3.15
5.783386476 -3.17
5.854786309 -3.2
5.926186142 -3.16
5.997585975 -3.09
6.068985808 -2.99
6.140385641 -2.86
6.211785474 -2.66
6.28318 -2.26
SPECIFIC SPEED (US/SI): 980 / 19
CURVE FORMAT: Suter_ChaudhryFormat
HEAD: 74
0.000 -0.527
0.088 -0.468
0.174 -0.366
0.262 -0.255
0.349 -0.160
0.435 -0.090
0.479 0.00001
0.524 0.080
0.611 0.228
0.698 0.380
0.785 0.517
0.872 0.634
0.960 0.784
1.047 0.909
1.135 1.030
1.222 1.136
1.310 1.209
1.397 1.268
1.483 1.326
1.571 1.354
1.658 1.356
1.745 1.340
1.833 1.307
1.921 1.276
2.007 1.223
2.095 1.175
2.182 1.130
2.268 1.086
2.357 1.039
2.444 0.997
2.530 0.963
2.618 0.908
2.707 0.893
2.793 0.851
2.880 0.819
2.968 0.794
3.054 0.756
3.141 0.717
3.230 0.684
3.317 0.648
3.405 0.604
3.491 0.580
3.580 0.550
3.664 0.540
3.753 0.523
3.838 0.515
3.929 0.515
4.012 0.537
4.103 0.556
4.181 0.583
4.274 0.596
4.361 0.615
4.448 0.645
4.537 0.650
4.624 0.677
4.711 0.666
4.799 0.609
4.888 0.520
4.977 0.326
5.062 0.232
5.151 0.089
5.174 0.00001
5.238 -0.202
5.324 -0.306
5.409 -0.395
5.498 -0.457
5.587 -0.527
5.674 -0.581
5.761 -0.627
5.845 -0.659
5.934 -0.659
6.021 -0.659
6.113 -0.648
6.199 -0.589
TORQUE: 74
0.000 -0.436
0.092 -0.242
0.179 -0.078
0.252 -0.036
0.278 0.00001
0.371 0.046
0.457 0.156
0.524 0.272
0.611 0.359
0.699 0.448
0.783 0.520
0.871 0.563
0.961 0.601
1.047 0.612
1.133 0.615
1.221 0.608
1.311 0.572
1.397 0.542
1.484 0.499
1.572 0.440
1.656 0.409
1.744 0.374
1.832 0.353
1.920 0.343
2.008 0.350
2.094 0.379
2.180 0.419
2.268 0.494
2.356 0.567
2.442 0.638
2.528 0.714
2.619 0.778
2.706 0.825
2.796 0.873
2.880 0.899
2.966 0.913
3.052 0.908
3.140 0.875
3.230 0.837
3.316 0.807
3.402 0.731
3.491 0.648
3.579 0.576
3.669 0.491
3.749 0.421
3.841 0.333
3.929 0.239
4.011 0.151
4.102 0.059
4.167 0.025
4.201 0.00001
4.276 -0.134
4.365 -0.205
4.448 -0.276
4.547 -0.336
4.627 -0.499
4.711 -0.660
4.799 -0.826
4.882 -0.990
4.975 -1.177
5.069 -1.311
5.147 -1.427
5.235 -1.563
5.321 -1.638
5.411 -1.647
5.497 -1.638
5.583 -1.593
5.671 -1.534
5.757 -1.418
5.845 -1.290
5.933 -1.135
6.021 -0.975
6.105 -0.805
6.195 -0.594
SPECIFIC SPEED (US/SI): 3500 / 68
CURVE FORMAT: Suter_ChaudhryFormat
HEAD: 74
0.000 -1.184
0.087 -1.040
0.174 -0.877
0.261 -0.710
0.348 -0.522
0.436 -0.352
0.525 -0.128
0.577 0.00001
0.611 0.085
0.698 0.291
0.786 0.497
0.870 0.683
0.958 0.886
1.046 1.038
1.134 1.165
1.221 1.283
1.307 1.385
1.395 1.473
1.483 1.519
1.569 1.548
1.656 1.587
1.746 1.616
1.830 1.648
1.919 1.684
2.007 1.711
2.091 1.727
2.181 1.700
2.268 1.666
2.356 1.614
2.444 1.575
2.529 1.535
2.617 1.501
2.703 1.467
2.792 1.435
2.878 1.401
2.968 1.372
3.052 1.342
3.141 1.281
3.229 1.233
3.317 1.161
3.404 1.084
3.489 0.954
3.576 0.791
3.664 0.637
3.753 0.525
3.839 0.432
3.928 0.380
4.016 0.287
4.102 0.247
4.189 0.249
4.277 0.278
4.363 0.290
4.451 0.312
4.537 0.326
4.626 0.342
4.712 0.335
4.800 0.306
4.886 0.292
4.974 0.215
5.060 0.142
5.152 0.044
5.184 0.00001
5.236 -0.096
5.324 -0.253
5.413 -0.393
5.497 -0.486
5.585 -0.581
5.675 -0.678
5.761 -0.778
5.848 -0.880
5.933 -0.975
6.022 -1.080
6.110 -1.170
6.196 -1.268
TORQUE: 74.00
0.000 -1.329
0.088 -1.109
0.172 -0.902
0.261 -0.672
0.349 -0.414
0.435 -0.152
0.488 0.00001
0.520 0.062
0.609 0.232
0.697 0.387
0.786 0.518
0.869 0.605
0.960 0.697
1.043 0.736
1.131 0.784
1.220 0.800
1.308 0.839
1.397 0.875
1.480 0.915
1.568 0.990
1.654 1.062
1.742 1.129
1.828 1.227
1.920 1.310
2.008 1.389
2.091 1.441
2.182 1.492
2.268 1.544
2.360 1.592
2.442 1.619
2.531 1.627
2.613 1.623
2.705 1.619
2.790 1.615
2.879 1.647
2.965 1.631
3.053 1.604
3.146 1.531
3.229 1.487
3.315 1.344
3.403 1.213
3.489 1.054
3.577 0.900
3.669 0.749
3.757 0.586
3.837 0.420
3.931 0.281
4.011 0.126
4.102 0.040
4.119 0.00001
4.188 -0.122
4.282 -0.267
4.360 -0.340
4.460 -0.467
4.534 -0.601
4.629 -0.679
4.716 -0.762
4.799 -0.857
4.886 -0.907
4.977 -1.079
5.072 -1.279
5.150 -1.641
5.237 -1.841
5.324 -1.997
5.411 -2.136
5.498 -2.230
5.580 -2.313
5.680 -2.302
5.762 -2.158
5.845 -1.991
5.936 -1.913
6.019 -1.746
6.110 -1.607
6.193 -1.429
SPECIFIC SPEED (US/SI): 6040 / 117
CURVE FORMAT: Suter_ChaudhryFormat
HEAD: 74
0.000 -1.598
0.088 -1.334
0.173 -1.105
0.260 -0.806
0.347 -0.598
0.434 -0.365
0.525 -0.114
0.573 0.00001
0.612 0.089
0.700 0.301
0.786 0.524
0.874 0.795
0.959 0.863
1.047 0.889
1.136 0.944
1.221 1.151
1.311 1.404
1.397 1.616
1.481 1.823
1.571 1.976
1.660 2.074
1.747 2.156
1.833 2.178
1.920 2.210
2.012 2.303
2.096 2.390
2.183 2.510
2.272 2.586
2.359 2.685
2.445 2.695
2.529 2.832
2.621 2.935
2.705 3.028
2.795 3.017
2.881 2.875
2.965 2.745
3.055 2.537
3.141 2.298
3.235 1.899
3.321 1.523
3.416 1.131
3.497 0.815
3.582 0.624
3.673 0.493
3.755 0.390
3.842 0.270
3.928 0.183
4.023 0.134
4.104 0.095
4.193 0.037
4.213 0.00001
4.281 -0.132
4.367 -0.198
4.454 -0.394
4.542 -0.474
4.629 -0.556
4.716 -0.740
4.804 -0.930
4.891 -0.959
4.979 -0.906
5.066 -0.934
5.154 -1.043
5.240 -1.205
5.328 -1.531
5.416 -1.737
5.503 -1.843
5.590 -1.999
5.677 -2.139
5.764 -2.251
5.853 -2.257
5.940 -2.283
6.028 -2.196
6.114 -2.016
6.202 -1.843
TORQUE: 74.00
0.000 -1.377
0.087 -1.056
0.175 -0.786
0.261 -0.535
0.350 -0.377
0.438 -0.137
0.492 0.00001
0.526 0.073
0.603 0.269
0.694 0.411
0.786 0.539
0.874 0.592
0.962 0.704
1.049 0.719
1.141 0.749
1.222 0.862
1.306 0.967
1.397 1.223
1.482 1.380
1.566 1.493
1.668 1.500
1.745 1.515
1.840 1.493
1.914 1.553
2.002 1.636
2.100 1.673
2.188 1.831
2.272 1.951
2.353 2.176
2.448 2.319
2.529 2.522
2.617 2.717
2.708 2.822
2.796 2.830
2.880 2.710
2.972 2.627
3.056 2.424
3.147 2.176
3.232 1.868
3.322 1.530
3.416 1.200
3.487 0.990
3.582 0.757
3.669 0.592
3.761 0.411
3.849 0.171
3.897 0.00001
3.931 -0.046
4.021 -0.200
4.105 -0.305
4.194 -0.462
4.282 -0.568
4.369 -0.656
4.457 -1.061
4.539 -1.215
4.629 -1.322
4.714 -1.452
4.805 -1.601
4.888 -1.750
4.984 -1.741
5.067 -1.764
5.156 -1.857
5.241 -2.006
5.326 -2.104
5.413 -2.165
5.500 -2.421
5.587 -2.551
5.674 -2.668
5.764 -2.738
5.851 -2.761
5.938 -2.710
6.027 -2.603
6.112 -2.300
6.202 -1.853
SPECIFIC SPEED (US/SI): 10740 / 208
CURVE FORMAT: Suter_ChaudhryFormat
HEAD: 74
0.000 -0.964
0.088 -0.894
0.175 -0.950
0.261 -0.855
0.350 -0.652
0.435 -0.450
0.523 -0.241
0.576 -0.102
0.611 0.00001
0.698 0.225
0.786 0.510
0.871 0.803
0.959 1.042
1.046 1.264
1.133 1.454
1.222 1.692
1.308 1.953
1.395 2.213
1.482 2.475
1.569 2.774
1.659 3.006
1.746 3.258
1.833 3.433
1.918 3.593
2.007 3.727
2.092 3.783
2.180 3.727
2.262 3.603
2.358 3.402
2.446 3.109
2.531 2.784
2.618 2.439
2.701 2.218
2.792 1.914
2.879 1.646
2.964 1.456
3.054 1.260
3.141 1.064
3.230 0.871
3.317 0.758
3.398 0.685
3.496 0.680
3.579 0.660
3.666 0.577
3.755 0.397
3.843 0.284
3.891 0.136
3.927 0.00001
4.013 -0.186
4.102 -0.367
4.190 -0.594
4.276 -0.731
4.365 -0.905
4.451 -1.178
4.538 -1.487
4.625 -1.788
4.713 -2.161
4.800 -2.466
4.887 -2.721
4.972 -2.875
5.062 -2.994
5.151 -3.039
5.235 -3.089
5.322 -3.048
5.411 -3.016
5.495 -2.884
5.584 -2.752
5.671 -2.529
5.756 -2.247
5.843 -2.015
5.932 -1.756
6.022 -1.533
6.107 -1.310
6.196 -1.087
TORQUE: 74.00
0.000 -0.566
0.088 -0.621
0.173 -0.676
0.262 -0.621
0.349 -0.510
0.435 -0.365
0.524 -0.104
0.562 0.00001
0.609 0.112
0.698 0.338
0.783 0.559
0.872 0.655
0.960 0.760
1.047 0.871
1.136 0.951
1.221 1.087
1.308 1.383
1.400 1.644
1.485 1.855
1.574 2.091
1.659 2.237
1.746 2.483
1.831 2.658
1.916 2.759
2.012 2.955
2.097 3.191
2.182 3.130
2.271 3.110
2.356 2.834
2.441 2.503
2.535 2.392
2.620 2.056
2.705 1.805
2.794 1.554
2.881 1.308
2.966 1.056
3.053 0.951
3.141 0.609
3.228 0.491
3.313 0.536
3.408 0.652
3.485 0.677
3.578 0.617
3.670 0.481
3.755 0.300
3.840 0.180
3.884 0.00001
3.925 -0.152
4.016 -0.378
4.099 -0.579
4.188 -0.810
4.280 -0.910
4.365 -1.146
4.454 -1.407
4.537 -1.703
4.626 -1.965
4.716 -2.231
4.799 -2.457
4.888 -2.738
4.975 -2.889
5.064 -2.994
5.149 -3.054
5.234 -3.100
5.321 -3.064
5.411 -3.019
5.498 -2.894
5.581 -2.793
5.670 -2.527
5.757 -2.231
5.846 -1.995
5.932 -1.719
6.019 -1.417
6.110 -1.086
6.195 -0.800
SPECIFIC SPEED (US/SI): 1255 / 23
CURVE FORMAT: Suter_ThorleyFormat
HEAD: 75
0.000001 -0.7400
0.087266 -0.69
0.174533 -0.62
0.261799 -0.52
0.349066 -0.41
0.436332 -0.30
0.49 0.0001
0.523599 0.24
0.610865 0.47
0.698132 0.61
0.785398 0.71
0.872665 0.80
0.959931 0.88
1.047198 0.95
1.134464 1.01
1.221730 1.06
1.308997 1.10
1.396263 1.13
1.483530 1.15
1.570796 1.16
1.658063 1.17
1.745329 1.16
1.832596 1.14
1.919862 1.13
2.007129 1.10
2.094395 1.08
2.181662 1.06
2.268928 1.04
2.356194 1.02
2.443461 0.99
2.530727 0.98
2.617994 0.95
2.705260 0.94
2.792527 0.92
2.879793 0.91
2.967060 0.89
3.054326 0.87
3.141593 0.84
3.228859 0.82
3.316126 0.81
3.403392 0.78
3.490659 0.76
3.577925 0.74
3.665191 0.73
3.752458 0.73
3.839724 0.72
3.926991 0.72
4.014257 0.73
4.101524 0.74
4.188790 0.75
4.276057 0.77
4.363323 0.78
4.450590 0.79
4.537856 0.80
4.625123 0.81
4.712389 0.81
4.799655 0.79
4.886922 0.71
4.974188 0.57
5.061455 0.48
5.148721 0.33
5.19 0.0001
5.235988 -0.45
5.323254 -0.56
5.410521 -0.62
5.497787 -0.69
5.585054 -0.73
5.672320 -0.77
5.759587 -0.80
5.846853 -0.81
5.934119 -0.82
6.021386 -0.82
6.108652 -0.81
6.195919 -0.78
6.283185 -0.74
TORQUE: 75
0.000001 -0.6600
0.087266 -0.51
0.174533 -0.33
0.261799 -0.22
0.31 0.0001
0.349066 0.20
0.436332 0.37
0.523599 0.5
0.610865 0.58
0.698132 0.65
0.785398 0.71
0.872665 0.74
0.959931 0.77
1.047198 0.78
1.134464 0.78
1.221730 0.77
1.308997 0.76
1.396263 0.74
1.483530 0.71
1.570796 0.66
1.658063 0.64
1.745329 0.61
1.832596 0.59
1.919862 0.58
2.007129 0.58
2.094395 0.60
2.181662 0.63
2.268928 0.69
2.356194 0.73
2.443461 0.79
2.530727 0.84
2.617994 0.88
2.705260 0.91
2.792527 0.93
2.879793 0.94
2.967060 0.95
3.054326 0.95
3.141593 0.94
3.228859 0.92
3.316126 0.91
3.403392 0.86
3.490659 0.82
3.577925 0.77
3.665191 0.71
3.752458 0.65
3.839724 0.57
3.926991 0.49
4.014257 0.40
4.101524 0.26
4.188790 0.10
4.21 0.0001
4.276057 -0.35
4.363323 -0.46
4.450590 -0.47
4.537856 -0.59
4.625123 -0.71
4.712389 -0.82
4.799655 -0.92
4.886922 -1.01
4.974188 -1.10
5.061455 -1.15
5.148721 -1.20
5.235988 -1.25
5.323254 -1.28
5.410521 -1.29
5.497787 -1.29
5.585054 -1.28
5.672320 -1.25
5.759587 -1.20
5.846853 -1.15
5.934119 -1.09
6.021386 -1.00
6.108652 -0.91
6.195919 -0.80
6.283185 -0.66
SPECIFIC SPEED (US/SI): 2155 / 42
CURVE FORMAT: Suter_ThorleyFormat
HEAD: 75
0.000001 -0.7400
0.087266 -0.66
0.174533 -0.58
0.261799 -0.49
0.349066 -0.38
0.436332 -0.20
0.49 0.0001
0.523599 0.18
0.610865 0.40
0.698132 0.54
0.785398 0.71
0.872665 0.79
0.959931 0.87
1.047198 0.98
1.134464 1.05
1.221730 1.11
1.308997 1.19
1.396263 1.25
1.483530 1.30
1.570796 1.35
1.658063 1.42
1.745329 1.45
1.832596 1.43
1.919862 1.43
2.007129 1.46
2.094395 1.47
2.181662 1.45
2.268928 1.42
2.356194 1.40
2.443461 1.35
2.530727 1.31
2.617994 1.25
2.705260 1.20
2.792527 1.24
2.879793 1.28
2.967060 1.27
3.054326 1.20
3.141593 1.15
3.228859 1.11
3.316126 1.14
3.403392 1.13
3.490659 1.09
3.577925 1.02
3.665191 0.90
3.752458 0.88
3.839724 0.91
3.926991 0.95
4.014257 0.97
4.101524 0.99
4.188790 0.98
4.276057 0.96
4.363323 0.95
4.450590 0.94
4.537856 0.94
4.625123 0.93
4.712389 0.93
4.799655 0.85
4.886922 0.73
4.974188 0.70
5.061455 0.60
5.14 0.0001
5.148721 -0.16
5.235988 -0.50
5.323254 -0.65
5.410521 -0.76
5.497787 -0.86
5.585054 -0.93
5.672320 -0.97
5.759587 -1.00
5.846853 -1.10
5.934119 -1.20
6.021386 -1.00
6.108652 -0.93
6.195919 -0.82
6.283185 -0.74
TORQUE: 75
0.000001 -0.7500
0.087266 -0.60
0.174533 -0.45
0.261799 -0.11
0.29 0.0001
0.349066 0.30
0.436332 0.42
0.523599 0.52
0.610865 0.62
0.698132 0.66
0.785398 0.71
0.872665 0.75
0.959931 0.80
1.047198 0.81
1.134464 0.81
1.221730 0.81
1.308997 0.81
1.396263 0.80
1.483530 0.77
1.570796 0.75
1.658063 0.69
1.745329 0.64
1.832596 0.58
1.919862 0.56
2.007129 0.56
2.094395 0.56
2.181662 0.57
2.268928 0.58
2.356194 0.59
2.443461 0.60
2.530727 0.61
2.617994 0.64
2.705260 0.70
2.792527 0.83
2.879793 0.95
2.967060 0.95
3.054326 0.88
3.141593 0.86
3.228859 0.86
3.316126 0.89
3.403392 0.87
3.490659 0.82
3.577925 0.78
3.665191 0.71
3.752458 0.66
3.839724 0.58
3.926991 0.50
4.014257 0.39
4.101524 0.26
4.185 0.0001
4.188790 -0.02
4.276057 -0.31
4.363323 -0.42
4.450590 -0.50
4.537856 -0.57
4.625123 -0.65
4.712389 -0.69
4.799655 -0.81
4.886922 -0.91
4.974188 -0.99
5.061455 -1.04
5.148721 -1.11
5.235988 -1.19
5.323254 -1.23
5.410521 -1.27
5.497787 -1.28
5.585054 -1.28
5.672320 -1.27
5.759587 -1.27
5.846853 -1.25
5.934119 -1.22
6.021386 -1.17
6.108652 -1.04
6.195919 -0.90
6.283185 -0.75
SPECIFIC SPEED (US/SI): 3300 / 64
CURVE FORMAT: Suter_ThorleyFormat
HEAD: 75
0.000001 -0.6900
0.087266 -0.71
0.174533 -0.52
0.261799 -0.46
0.349066 -0.37
0.436332 -0.21
0.49 0.0001
0.523599 0.19
0.610865 0.41
0.698132 0.57
0.785398 0.71
0.872665 0.81
0.959931 0.92
1.047198 1.03
1.134464 1.15
1.221730 1.20
1.308997 1.30
1.396263 1.36
1.483530 1.43
1.570796 1.48
1.658063 1.54
1.745329 1.57
1.832596 1.59
1.919862 1.59
2.007129 1.56
2.094395 1.53
2.181662 1.49
2.268928 1.46
2.356194 1.42
2.443461 1.37
2.530727 1.29
2.617994 1.18
2.705260 1.15
2.792527 1.16
2.879793 1.10
2.967060 1.06
3.054326 1.00
3.141593 0.94
3.228859 0.90
3.316126 0.90
3.403392 0.90
3.490659 0.87
3.577925 0.83
3.665191 0.83
3.752458 0.87
3.839724 0.85
3.926991 0.84
4.014257 0.85
4.101524 0.86
4.188790 0.85
4.276057 0.83
4.363323 0.81
4.450590 0.77
4.537856 0.72
4.625123 0.66
4.712389 0.62
4.799655 0.52
4.886922 0.15
4.91 0.0001
4.974188 -0.50
5.061455 -0.72
5.148721 -0.87
5.235988 -0.96
5.323254 -1.04
5.410521 -1.10
5.497787 -1.14
5.585054 -1.17
5.672320 -1.18
5.759587 -1.19
5.846853 -1.17
5.934119 -1.13
6.021386 -1.09
6.108652 -1.00
6.195919 -0.88
6.283185 -0.69
TORQUE: 75
0.000001 -0.80
0.087266 -0.65
0.174533 -0.49
0.261799 -0.36
0.349066 -0.13
0.38 0.0001
0.436332 0.27
0.523599 0.45
0.610865 0.56
0.698132 0.65
0.785398 0.71
0.872665 0.78
0.959931 0.82
1.047198 0.85
1.134464 0.88
1.221730 0.89
1.308997 0.90
1.396263 0.89
1.483530 0.88
1.570796 0.87
1.658063 0.85
1.745329 0.83
1.832596 0.81
1.919862 0.79
2.007129 0.78
2.094395 0.76
2.181662 0.77
2.268928 0.77
2.356194 0.75
2.443461 0.76
2.530727 0.81
2.617994 0.89
2.705260 0.93
2.792527 0.95
2.879793 0.94
2.967060 0.91
3.054326 0.86
3.141593 0.83
3.228859 0.80
3.316126 0.82
3.403392 0.81
3.490659 0.75
3.577925 0.69
3.665191 0.61
3.752458 0.55
3.839724 0.48
3.926991 0.40
4.014257 0.35
4.09 0.0001
4.101524 -0.10
4.188790 -0.35
4.276057 -0.48
4.363323 -0.60
4.450590 -0.70
4.537856 -0.78
4.625123 -0.86
4.712389 -0.89
4.799655 -0.99
4.886922 -1.10
4.974188 -1.25
5.061455 -1.32
5.148721 -1.39
5.235988 -1.43
5.323254 -1.47
5.410521 -1.49
5.497787 -1.51
5.585054 -1.51
5.672320 -1.50
5.759587 -1.49
5.846853 -1.45
5.934119 -1.38
6.021386 -1.31
6.108652 -1.15
6.195919 -0.99
6.283185 -0.80
SPECIFIC SPEED (US/SI): 3710 / 72
CURVE FORMAT: Suter_ThorleyFormat
HEAD: 74
0.000001 -0.83
0.087266 -0.77
0.174533 -0.71
0.261799 -0.63
0.349066 -0.54
0.436332 -0.44
0.523599 -0.27
0.610865 0.0001
0.698132 0.56
0.785398 0.71
0.872665 0.81
0.959931 0.89
1.047198 0.97
1.134464 1.02
1.221730 1.07
1.308997 1.10
1.396263 1.13
1.483530 1.15
1.570796 1.16
1.658063 1.16
1.745329 1.15
1.832596 1.14
1.919862 1.10
2.007129 1.07
2.094395 1.02
2.181662 0.98
2.268928 0.97
2.356194 0.97
2.443461 0.98
2.530727 0.98
2.617994 0.97
2.705260 0.97
2.792527 0.96
2.879793 0.95
2.967060 0.92
3.054326 0.90
3.141593 0.87
3.228859 0.86
3.316126 0.82
3.403392 0.80
3.490659 0.76
3.577925 0.73
3.665191 0.69
3.752458 0.66
3.839724 0.63
3.926991 0.60
4.014257 0.57
4.101524 0.55
4.188790 0.54
4.276057 0.52
4.363323 0.48
4.450590 0.43
4.537856 0.33
4.625 0.0001
4.625123 -0.01
4.712389 -0.13
4.799655 -0.19
4.886922 -.26
4.974188 -0.38
5.061455 -0.57
5.148721 -0.63
5.235988 -0.70
5.323254 -0.78
5.410521 -0.83
5.497787 -0.87
5.585054 -0.90
5.672320 -0.93
5.759587 -0.94
5.846853 -0.96
5.934119 -0.95
6.021386 -0.94
6.108652 -0.90
6.195919 -0.87
6.283185 -0.83
TORQUE: 75
0.000001 -0.76
0.087266 -0.67
0.174533 -0.54
0.261799 -0.35
0.345 0.0001
0.349066 0.04
0.436332 0.27
0.523599 0.46
0.610865 0.55
0.698132 0.65
0.785398 0.71
0.872665 0.76
0.959931 0.79
1.047198 0.82
1.134464 0.84
1.221730 0.87
1.308997 0.87
1.396263 0.88
1.483530 0.88
1.570796 0.87
1.658063 0.87
1.745329 0.87
1.832596 0.87
1.919862 0.87
2.007129 0.88
2.094395 0.88
2.181662 0.91
2.268928 0.92
2.356194 0.95
2.443461 0.98
2.530727 1.02
2.617994 1.06
2.705260 1.07
2.792527 1.09
2.879793 1.10
2.967060 1.08
3.054326 1.07
3.141593 1.05
3.228859 1.02
3.316126 0.97
3.403392 0.92
3.490659 0.84
3.577925 0.79
3.665191 0.72
3.752458 0.65
3.839724 0.56
3.926991 0.47
4.014257 0.28
4.06 0.0001
4.101524 -0.26
4.188790 -0.30
4.276057 -0.45
4.363323 -0.59
4.450590 -0.67
4.537856 -0.76
4.625123 -0.83
4.712389 -0.91
4.799655 -0.97
4.886922 -1.05
4.974188 -1.09
5.061455 -1.14
5.148721 -1.17
5.235988 -1.19
5.323254 -1.22
5.410521 -1.23
5.497787 -1.23
5.585054 -1.20
5.672320 -1.19
5.759587 -1.15
5.846853 -1.12
5.934119 -1.07
6.021386 -1.01
6.108652 -0.94
6.195919 -0.87
6.283185 -0.76
SPECIFIC SPEED (US/SI): 3930 / 76
CURVE FORMAT: Suter_ThorleyFormat
HEAD: 73
0.000001 -1.01
0.087266 -0.93
0.174533 -0.83
0.261799 -0.71
0.349066 -0.56
0.436332 -0.47
0.523599 -0.29
0.610865 0.0001
0.698132 0.54
0.785398 0.71
0.872665 0.82
0.959931 0.93
1.047198 1.01
1.134464 1.09
1.221730 1.16
1.308997 1.21
1.396263 1.26
1.483530 1.31
1.570796 1.34
1.658063 1.36
1.745329 1.35
1.832596 1.35
1.919862 1.33
2.007129 1.31
2.094395 1.28
2.181662 1.24
2.268928 1.23
2.356194 1.22
2.443461 1.22
2.530727 1.22
2.617994 1.24
2.705260 1.25
2.792527 1.24
2.879793 1.24
2.967060 1.22
3.054326 1.19
3.141593 1.14
3.228859 1.06
3.316126 0.95
3.403392 0.84
3.490659 0.80
3.577925 0.75
3.665191 0.69
3.752458 0.64
3.839724 0.60
3.926991 0.57
4.014257 0.55
4.101524 0.54
4.188790 0.49
4.276057 0.40
4.363323 0.32
4.450590 0.23
4.537856 0.10
4.625123 0.0001
4.712389 -0.21
4.799655 -0.31
4.886922 -0.42
4.974188 -0.59
5.061455 -0.70
5.148721 -0.75
5.235988 -0.79
5.323254 -0.77
5.410521 -0.78
5.497787 -0.81
5.585054 -0.86
5.672320 -0.92
5.759587 -0.95
5.846853 -0.99
5.934119 -1.02
6.021386 -1.05
6.108652 -1.06
6.195919 -1.05
6.283185 -1.01
TORQUE: 73
0.000001 -0.92
0.087266 -0.75
0.174533 -0.61
0.261799 -0.51
0.349066 -0.36
0.436332 -0.0001
0.523599 0.25
0.610865 0.42
0.698132 0.63
0.785398 0.71
0.872665 0.76
0.959931 0.81
1.047198 0.86
1.134464 0.88
1.221730 0.92
1.308997 0.94
1.396263 0.96
1.483530 0.97
1.570796 0.98
1.658063 0.98
1.745329 0.99
1.832596 0.99
1.919862 1.00
2.007129 1.01
2.094395 1.02
2.181662 1.03
2.268928 1.06
2.356194 1.08
2.443461 1.10
2.530727 1.11
2.617994 1.13
2.705260 1.15
2.792527 1.16
2.879793 1.18
2.967060 1.18
3.054326 1.16
3.141593 1.13
3.228859 1.07
3.316126 1.01
3.403392 0.95
3.490659 0.87
3.577925 0.80
3.665191 0.71
3.752458 0.61
3.839724 0.52
3.926991 0.41
4.014257 0.0001
4.101524 -0.25
4.188790 -0.44
4.276057 -0.55
4.363323 -0.65
4.450590 -0.75
4.537856 -0.86
4.625123 -0.94
4.712389 -1.01
4.799655 -1.09
4.886922 -1.14
4.974188 -1.17
5.061455 -1.19
5.148721 -1.21
5.235988 -1.23
5.323254 -1.24
5.410521 -1.26
5.497787 -1.28
5.585054 -1.30
5.672320 -1.31
5.759587 -1.31
5.846853 -1.29
5.934119 -1.24
6.021386 -1.20
6.108652 -1.13
6.195919 -1.04
6.283185 -0.92
SPECIFIC SPEED (US/SI): 4390 / 85
CURVE FORMAT: Suter_ThorleyFormat
HEAD: 75
0.000001 -1.10
0.087266 -1.03
0.174533 -0.95
0.261799 -0.86
0.349066 -0.73
0.436332 -0.60
0.523599 -0.39
0.58 0.0001
0.610865 0.24
0.698132 0.54
0.785398 0.71
0.872665 0.84
0.959931 0.94
1.047198 1.02
1.134464 1.09
1.221730 1.14
1.308997 1.18
1.396263 1.22
1.483530 1.24
1.570796 1.25
1.658063 1.28
1.745329 1.26
1.832596 1.29
1.919862 1.30
2.007129 1.32
2.094395 1.32
2.181662 1.31
2.268928 1.30
2.356194 1.28
2.443461 1.26
2.530727 1.25
2.617994 1.23
2.705260 1.22
2.792527 1.21
2.879793 1.19
2.967060 1.18
3.054326 1.16
3.141593 1.14
3.228859 1.12
3.316126 1.09
3.403392 1.05
3.490659 0.99
3.577925 0.89
3.665191 0.81
3.752458 0.74
3.839724 0.66
3.926991 0.61
4.014257 0.55
4.101524 0.47
4.188790 0.49
4.276057 0.52
4.363323 0.54
4.450590 0.56
4.537856 0.57
4.625123 0.57
4.712389 0.57
4.799655 0.56
4.886922 0.54
4.974188 0.47
5.061455 0.39
5.148721 0.22
5.19 0.0001
5.235988 -0.32
5.323254 -0.52
5.410521 -0.63
5.497787 -0.71
5.585054 -0.77
5.672320 -0.84
5.759587 -0.89
5.846853 -0.95
5.934119 -1.00
6.021386 -1.05
6.108652 -1.10
6.195919 -1.14
6.283185 -1.10
TORQUE: 75
0.000001 -1.16
0.087266 -1.07
0.174533 -0.95
0.261799 -0.83
0.349066 -0.63
0.436332 -0.39
0.5 0.0001
0.523599 0.22
0.610865 0.46
0.698132 0.62
0.785398 0.71
0.872665 0.77
0.959931 0.83
1.047198 0.86
1.134464 0.89
1.221730 0.90
1.308997 0.92
1.396263 0.93
1.483530 0.95
1.570796 0.99
1.658063 1.03
1.745329 1.06
1.832596 1.10
1.919862 1.14
2.007129 1.18
2.094395 1.20
2.181662 1.22
2.268928 1.25
2.356194 1.27
2.443461 1.28
2.530727 1.28
2.617994 1.29
2.705260 1.29
2.792527 1.29
2.879793 1.29
2.967060 1.29
3.054326 1.28
3.141593 1.25
3.228859 1.22
3.316126 1.17
3.403392 1.11
3.490659 1.04
3.577925 0.95
3.665191 0.87
3.752458 0.77
3.839724 0.65
3.926991 0.52
4.014257 0.33
4.09 0.0001
4.101524 -0.10
4.188790 -0.36
4.276057 -0.51
4.363323 -0.61
4.450590 -0.70
4.537856 -0.77
4.625123 -0.83
4.712389 -0.88
4.799655 -0.93
4.886922 -0.98
4.974188 -1.05
5.061455 -1.14
5.148721 -1.29
5.235988 -1.39
5.323254 -1.43
5.410521 -1.47
5.497787 -1.50
5.585054 -1.53
5.672320 -1.53
5.759587 -1.48
5.846853 -1.43
5.934119 -1.40
6.021386 -1.34
6.108652 -1.28
6.195919 -1.22
6.283185 -1.16
SPECIFIC SPEED (US/SI): 4990 / 97
CURVE FORMAT: Suter_ThorleyFormat
HEAD: 75
0.000001 -0.74
0.087266 -0.68
0.174533 -0.62
0.261799 -0.55
0.349066 -0.46
0.436332 -0.36
0.523599 -0.10
0.55 0.0001
0.610865 0.37
0.698132 0.54
0.785398 0.71
0.872665 0.81
0.959931 0.93
1.047198 1.01
1.134464 1.14
1.221730 1.19
1.308997 1.25
1.396263 1.28
1.483530 1.30
1.570796 1.33
1.658063 1.34
1.745329 1.35
1.832596 1.34
1.919862 1.31
2.007129 1.30
2.094395 1.27
2.181662 1.24
2.268928 1.20
2.356194 1.17
2.443461 1.17
2.530727 1.20
2.617994 1.23
2.705260 1.22
2.792527 1.20
2.879793 1.18
2.967060 1.16
3.054326 1.12
3.141593 1.08
3.228859 1.05
3.316126 0.97
3.403392 0.89
3.490659 0.84
3.577925 0.78
3.665191 0.73
3.752458 0.69
3.839724 0.67
3.926991 0.66
4.014257 0.69
4.101524 0.74
4.188790 0.69
4.276057 0.65
4.363323 0.59
4.450590 0.53
4.537856 0.49
4.625123 0.37
4.68 0.0001
4.712389 -0.22
4.799655 -0.41
4.886922 -0.55
4.974188 -0.62
5.061455 -0.70
5.148721 -0.75
5.235988 -0.85
5.323254 -0.92
5.410521 -0.98
5.497787 -1.02
5.585054 -1.03
5.672320 -1.05
5.759587 -1.06
5.846853 -1.06
5.934119 -1.05
6.021386 -1.03
6.108652 -0.98
6.195919 -0.85
6.283185 -0.74
TORQUE: 75
0.000001 -0.82
0.087266 -0.70
0.174533 -0.51
0.261799 -0.40
0.349066 -0.25
0.4 0.0001
0.436332 0.20
0.523599 0.40
0.610865 0.51
0.698132 0.61
0.785398 0.71
0.872665 0.73
0.959931 0.79
1.047198 0.82
1.134464 0.85
1.221730 0.87
1.308997 0.88
1.396263 0.88
1.483530 0.87
1.570796 0.88
1.658063 0.85
1.745329 0.85
1.832596 0.85
1.919862 0.86
2.007129 0.89
2.094395 0.89
2.181662 0.89
2.268928 0.87
2.356194 0.85
2.443461 0.89
2.530727 0.98
2.617994 1.06
2.705260 1.08
2.792527 1.07
2.879793 1.06
2.967060 1.03
3.054326 1.00
3.141593 0.95
3.228859 0.91
3.316126 0.86
3.403392 0.79
3.490659 0.73
3.577925 0.68
3.665191 0.59
3.752458 0.49
3.839724 0.36
3.926991 0.24
4.01 0.0001
4.014257 -0.01
4.101524 -0.30
4.188790 -0.47
4.276057 -0.58
4.363323 -0.67
4.450590 -0.75
4.537856 -0.81
4.625123 -0.89
4.712389 -0.97
4.799655 -1.06
4.886922 -1.11
4.974188 -1.19
5.061455 -1.25
5.148721 -1.31
5.235988 -1.34
5.323254 -1.37
5.410521 -1.38
5.497787 -1.38
5.585054 -1.35
5.672320 -1.32
5.759587 -1.30
5.846853 -1.26
5.934119 -1.21
6.021386 -1.15
6.108652 -1.06
6.195919 -0.93
6.283185 -0.82
SPECIFIC SPEED (US/SI): 5180 / 100
CURVE FORMAT: Suter_ThorleyFormat
HEAD: 75
0.000001 -1.28
0.087266 -1.23
0.174533 -1.15
0.261799 -1.09
0.349066 -1.01
0.436332 -0.90
0.523599 -0.79
0.610865 -0.48
0.66 0.0001
0.698132 0.41
0.785398 0.71
0.872665 0.83
0.959931 0.94
1.047198 1.04
1.134464 1.13
1.221730 1.20
1.308997 1.25
1.396263 1.31
1.483530 1.36
1.570796 1.42
1.658063 1.47
1.745329 1.53
1.832596 1.57
1.919862 1.63
2.007129 1.69
2.094395 1.75
2.181662 1.80
2.268928 1.85
2.356194 1.87
2.443461 1.90
2.530727 1.90
2.617994 1.90
2.705260 1.87
2.792527 1.83
2.879793 1.73
2.967060 1.58
3.054326 1.43
3.141593 1.24
3.228859 1.14
3.316126 1.04
3.403392 0.98
3.490659 0.93
3.577925 0.87
3.665191 0.82
3.752458 0.72
3.839724 0.65
3.926991 0.57
4.014257 0.48
4.101524 0.39
4.188790 0.30
4.276057 0.23
4.363323 0.12
4.450590 0.03
4.46 0.0001
4.537856 -0.26
4.625123 -0.63
4.712389 -0.80
4.799655 -0.90
4.886922 -0.95
4.974188 -0.99
5.061455 -0.99
5.148721 -0.98
5.235988 -1.01
5.323254 -1.04
5.410521 -1.10
5.497787 -1.17
5.585054 -1.24
5.672320 -1.30
5.759587 -1.34
5.846853 -1.37
5.934119 -1.39
6.021386 -1.38
6.108652 -1.36
6.195919 -1.33
6.283185 -1.28
TORQUE: 74
0.000001 -1.27
0.087266 -1.13
0.174533 -1.10
0.261799 -0.99
0.349066 -0.88
0.436332 -0.73
0.523599 -0.57
0.610865 0.0001
0.698132 0.58
0.785398 0.71
0.872665 0.79
0.959931 0.84
1.047198 0.87
1.134464 0.89
1.221730 0.91
1.308997 0.93
1.396263 0.92
1.483530 0.89
1.570796 0.85
1.658063 0.77
1.745329 0.72
1.832596 0.73
1.919862 0.77
2.007129 0.86
2.094395 0.99
2.181662 1.11
2.268928 1.24
2.356194 1.33
2.443461 1.42
2.530727 1.49
2.617994 1.54
2.705260 1.60
2.792527 1.63
2.879793 1.66
2.967060 1.66
3.054326 1.64
3.141593 1.61
3.228859 1.56
3.316126 1.49
3.403392 1.39
3.490659 1.26
3.577925 1.12
3.665191 0.96
3.752458 0.79
3.839724 0.61
3.926991 0.46
4 0.0001
4.014257 -0.16
4.101524 -0.31
4.188790 -0.60
4.276057 -0.77
4.363323 -0.90
4.450590 -0.98
4.537856 -1.04
4.625123 -1.10
4.712389 -1.14
4.799655 -1.15
4.886922 -1.16
4.974188 -1.18
5.061455 -1.20
5.148721 -1.22
5.235988 -1.23
5.323254 -1.27
5.410521 -1.33
5.497787 -1.39
5.585054 -1.42
5.672320 -1.44
5.759587 -1.46
5.846853 -1.47
5.934119 -1.46
6.021386 -1.43
6.108652 -1.39
6.195919 -1.35
6.283185 -1.27
SPECIFIC SPEED (US/SI): 6330 / 123
CURVE FORMAT: Suter_ThorleyFormat
HEAD: 75
0.000001 -1.12
0.087266 -1.01
0.174533 -0.88
0.261799 -0.77
0.349066 -0.66
0.436332 -0.53
0.523599 -0.32
0.58 0.0001
0.610865 0.21
0.698132 0.55
0.785398 0.71
0.872665 0.82
0.959931 0.90
1.047198 0.96
1.134464 1.02
1.221730 1.11
1.308997 1.20
1.396263 1.25
1.483530 1.31
1.570796 1.32
1.658063 1.36
1.745329 1.38
1.832596 1.39
1.919862 1.42
2.007129 1.42
2.094395 1.43
2.181662 1.45
2.268928 1.45
2.356194 1.45
2.443461 1.45
2.530727 1.42
2.617994 1.42
2.705260 1.44
2.792527 1.42
2.879793 1.41
2.967060 1.40
3.054326 1.38
3.141593 1.34
3.228859 1.34
3.316126 1.30
3.403392 1.25
3.490659 1.22
3.577925 1.17
3.665191 1.08
3.752458 1.05
3.839724 0.98
3.926991 0.90
4.014257 0.82
4.101524 0.74
4.188790 0.62
4.276057 0.54
4.363323 0.41
4.450590 0.28
4.49 0.0001
4.537856 -0.34
4.625123 -0.53
4.712389 -0.63
4.799655 -0.72
4.886922 -0.80
4.974188 -0.92
5.061455 -1.04
5.148721 -1.14
5.235988 -1.22
5.323254 -1.30
5.410521 -1.39
5.497787 -1.44
5.585054 -1.47
5.672320 -1.51
5.759587 -1.51
5.846853 -1.50
5.934119 -1.46
6.021386 -1.39
6.108652 -1.30
6.195919 -1.21
6.283185 -1.12
TORQUE: 74
0.000001 -1.26
0.087266 -1.07
0.174533 -0.91
0.261799 -0.74
0.349066 -0.57
0.436332 -0.33
0.5 0.0001
0.523599 0.13
0.610865 0.46
0.698132 0.62
0.785398 0.71
0.872665 0.76
0.959931 0.82
1.047198 0.86
1.134464 0.90
1.221730 0.95
1.308997 0.99
1.396263 1.05
1.483530 1.09
1.570796 1.11
1.658063 1.15
1.745329 1.18
1.832596 1.22
1.919862 1.26
2.007129 1.28
2.094395 1.31
2.181662 1.35
2.268928 1.38
2.356194 1.39
2.443461 1.41
2.530727 1.42
2.617994 1.42
2.705260 1.46
2.792527 1.46
2.879793 1.46
2.967060 1.46
3.054326 1.42
3.141593 1.39
3.228859 1.34
3.316126 1.29
3.403392 1.22
3.490659 1.12
3.577925 1.03
3.665191 0.92
3.752458 0.82
3.839724 0.70
3.926991 0.57
4.014257 0.42
4.101524 0.0001
4.188790 -0.42
4.276057 -0.57
4.363323 -0.71
4.450590 -0.83
4.537856 -0.97
4.625123 -1.07
4.712389 -1.20
4.799655 -1.27
4.886922 -1.31
4.974188 -1.34
5.061455 -1.38
5.148721 -1.40
5.235988 -1.52
5.323254 -1.60
5.410521 -1.68
5.497787 -1.72
5.585054 -1.77
5.672320 -1.79
5.759587 -1.79
5.846853 -1.75
5.934119 -1.66
6.021386 -1.58
6.108652 -1.48
6.195919 -1.39
6.283185 -1.26
SPECIFIC SPEED (US/SI): 6760 / 131
CURVE FORMAT: Suter_ThorleyFormat
HEAD: 75
0.000001 -1.25
0.087266 -1.19
0.174533 -1.13
0.261799 -1.04
0.349066 -0.94
0.436332 -0.82
0.523599 -0.64
0.610865 -0.34
0.66 0.0001
0.698132 0.35
0.785398 0.71
0.872665 0.85
0.959931 0.93
1.047198 1.00
1.134464 1.04
1.221730 1.09
1.308997 1.16
1.396263 1.25
1.483530 1.36
1.570796 1.46
1.658063 1.55
1.745329 1.63
1.832596 1.69
1.919862 1.75
2.007129 1.80
2.094395 1.86
2.181662 1.88
2.268928 1.90
2.356194 1.89
2.443461 1.89
2.530727 1.88
2.617994 1.86
2.705260 1.87
2.792527 1.85
2.879793 1.84
2.967060 1.80
3.054326 1.74
3.141593 1.61
3.228859 1.44
3.316126 1.23
3.403392 1.10
3.490659 0.95
3.577925 0.84
3.665191 0.75
3.752458 0.67
3.839724 0.59
3.926991 0.50
4.014257 0.41
4.101524 0.32
4.188790 0.19
4.23 0.0001
4.276057 -0.23
4.363323 -0.42
4.450590 -0.52
4.537856 -0.67
4.625123 -0.78
4.712389 -0.85
4.799655 -0.94
4.886922 -1.00
4.974188 -1.02
5.061455 -1.01
5.148721 -1.00
5.235988 -1.03
5.323254 -1.09
5.410521 -1.16
5.497787 -1.22
5.585054 -1.29
5.672320 -1.33
5.759587 -1.35
5.846853 -1.35
5.934119 -1.36
6.021386 -1.35
6.108652 -1.33
6.195919 -1.30
6.283185 -1.25
TORQUE: 74
0.000001 -1.26
0.087266 -1.19
0.174533 -1.11
0.261799 -0.99
0.349066 -0.85
0.436332 -0.73
0.523599 -0.57
0.610865 0.0001
0.698132 0.54
0.785398 0.71
0.872665 0.79
0.959931 0.84
1.047198 0.86
1.134464 0.87
1.221730 0.88
1.308997 0.89
1.396263 0.91
1.483530 0.94
1.570796 0.96
1.658063 0.99
1.745329 1.02
1.832596 1.04
1.919862 1.08
2.007129 1.13
2.094395 1.18
2.181662 1.24
2.268928 1.32
2.356194 1.36
2.443461 1.45
2.530727 1.50
2.617994 1.58
2.705260 1.60
2.792527 1.63
2.879793 1.67
2.967060 1.67
3.054326 1.67
3.141593 1.63
3.228859 1.57
3.316126 1.50
3.403392 1.40
3.490659 1.26
3.577925 1.14
3.665191 0.94
3.752458 0.75
3.839724 0.54
3.926991 0.22
3.97 0.0001
4.014257 -0.25
4.101524 -0.53
4.188790 -0.67
4.276057 -0.80
4.363323 -0.89
4.450590 -0.97
4.537856 -1.05
4.625123 -1.11
4.712389 -1.16
4.799655 -1.19
4.886922 -1.22
4.974188 -1.23
5.061455 -1.25
5.148721 -1.24
5.235988 -1.28
5.323254 -1.32
5.410521 -1.39
5.497787 -1.43
5.585054 -1.46
5.672320 -1.47
5.759587 -1.47
5.846853 -1.45
5.934119 -1.44
6.021386 -1.42
6.108652 -1.39
6.195919 -1.33
6.283185 -1.26
SPECIFIC SPEED (US/SI): 6930 / 134
CURVE FORMAT: Suter_ThorleyFormat
HEAD: 75
0.000001 -1.27
0.087266 -1.24
0.174533 -1.18
0.261799 -1.09
0.349066 -1.01
0.436332 -0.91
0.523599 -0.79
0.610865 -0.60
0.68 0.0001
0.698132 0.16
0.785398 0.71
0.872665 0.84
0.959931 0.92
1.047198 1.01
1.134464 1.07
1.221730 1.14
1.308997 1.19
1.396263 1.22
1.483530 1.31
1.570796 1.38
1.658063 1.42
1.745329 1.48
1.832596 1.53
1.919862 1.59
2.007129 1.65
2.094395 1.71
2.181662 1.77
2.268928 1.81
2.356194 1.83
2.443461 1.85
2.530727 1.85
2.617994 1.84
2.705260 1.83
2.792527 1.80
2.879793 1.72
2.967060 1.58
3.054326 1.43
3.141593 1.25
3.228859 1.15
3.316126 1.05
3.403392 0.98
3.490659 0.89
3.577925 0.83
3.665191 0.75
3.752458 0.67
3.839724 0.59
3.926991 0.51
4.014257 0.42
4.101524 0.33
4.188790 0.25
4.276057 0.14
4.32 0.0001
4.363323 -0.15
4.450590 -0.43
4.537856 -0.60
4.625123 -0.70
4.712389 -0.80
4.799655 -0.88
4.886922 -0.96
4.974188 -1.00
5.061455 -1.00
5.148721 -0.98
5.235988 -1.00
5.323254 -1.05
5.410521 -1.11
5.497787 -1.19
5.585054 -1.25
5.672320 -1.30
5.759587 -1.34
5.846853 -1.36
5.934119 -1.38
6.021386 -1.37
6.108652 -1.36
6.195919 -1.33
6.283185 -1.27
TORQUE: 75
0.000001 -1.27
0.087266 -1.19
0.174533 -1.10
0.261799 -1.10
0.349066 -0.89
0.436332 -0.75
0.523599 -0.58
0.610865 -0.28
0.64 0.0001
0.698132 0.56
0.785398 0.71
0.872665 0.79
0.959931 0.84
1.047198 0.88
1.134464 0.90
1.221730 0.89
1.308997 0.85
1.396263 0.80
1.483530 0.74
1.570796 0.67
1.658063 0.62
1.745329 0.62
1.832596 0.66
1.919862 0.75
2.007129 0.85
2.094395 0.96
2.181662 1.06
2.268928 1.18
2.356194 1.27
2.443461 1.38
2.530727 1.45
2.617994 1.52
2.705260 1.56
2.792527 1.61
2.879793 1.63
2.967060 1.65
3.054326 1.63
3.141593 1.62
3.228859 1.58
3.316126 1.49
3.403392 1.39
3.490659 1.25
3.577925 1.13
3.665191 0.95
3.752458 0.75
3.839724 0.55
3.926991 0.29
3.97 0.0001
4.014257 -0.41
4.101524 -0.55
4.188790 -0.68
4.276057 -0.79
4.363323 -0.88
4.450590 -0.97
4.537856 -1.05
4.625123 -1.10
4.712389 -1.15
4.799655 -1.19
4.886922 -1.21
4.974188 -1.23
5.061455 -1.24
5.148721 -1.23
5.235988 -1.23
5.323254 -1.27
5.410521 -1.34
5.497787 -1.39
5.585054 -1.42
5.672320 -1.46
5.759587 -1.47
5.846853 -1.48
5.934119 -1.45
6.021386 -1.44
6.108652 -1.40
6.195919 -1.35
6.283185 -1.27
SPECIFIC SPEED (US/SI): 7470 / 144
CURVE FORMAT: Suter_ThorleyFormat
HEAD: 75
0.000001 -1.27
0.087266 -1.16
0.174533 -1.05
0.261799 -0.91
0.349066 -0.77
0.436332 -0.59
0.523599 -0.37
0.57 0.0001
0.610865 0.33
0.698132 0.56
0.785398 0.71
0.872665 0.90
0.959931 0.93
1.047198 0.94
1.134464 0.96
1.221730 1.07
1.308997 1.19
1.396263 1.26
1.483530 1.36
1.570796 1.41
1.658063 1.45
1.745329 1.47
1.832596 1.48
1.919862 1.49
2.007129 1.52
2.094395 1.55
2.181662 1.59
2.268928 1.61
2.356194 1.64
2.443461 1.65
2.530727 1.69
2.617994 1.72
2.705260 1.75
2.792527 1.74
2.879793 1.70
2.967060 1.66
3.054326 1.59
3.141593 1.52
3.228859 1.39
3.316126 1.24
3.403392 1.07
3.490659 0.92
3.577925 0.79
3.665191 0.71
3.752458 0.64
3.839724 0.53
3.926991 0.44
4.014257 0.35
4.101524 0.28
4.188790 0.17
4.22 0.0001
4.276057 -0.37
4.363323 -0.45
4.450590 -0.65
4.537856 -0.70
4.625123 -0.74
4.712389 -0.87
4.799655 -0.97
4.886922 -0.98
4.974188 -0.96
5.061455 -0.97
5.148721 -1.02
5.235988 -1.11
5.323254 -1.24
5.410521 -1.32
5.497787 -1.36
5.585054 -1.42
5.672320 -1.47
5.759587 -1.51
5.846853 -1.51
5.934119 -1.52
6.021386 -1.49
6.108652 -1.43
6.195919 -1.36
6.283185 -1.27
TORQUE: 75
0.000001 -1.17
0.087266 -1.04
0.174533 -0.91
0.261799 -0.75
0.349066 -0.61
0.436332 -0.40
0.5 0.0001
0.523599 0.24
0.610865 0.47
0.698132 0.61
0.785398 0.71
0.872665 0.77
0.959931 0.82
1.047198 0.84
1.134464 0.85
1.221730 0.91
1.308997 0.99
1.396263 1.10
1.483530 1.17
1.570796 1.21
1.658063 1.24
1.745329 1.23
1.832596 1.23
1.919862 1.24
2.007129 1.26
2.094395 1.30
2.181662 1.35
2.268928 1.40
2.356194 1.47
2.443461 1.53
2.530727 1.59
2.617994 1.65
2.705260 1.68
2.792527 1.69
2.879793 1.65
2.967060 1.62
3.054326 1.55
3.141593 1.47
3.228859 1.36
3.316126 1.20
3.403392 1.10
3.490659 0.98
3.577925 0.86
3.665191 0.73
3.752458 0.60
3.839724 0.42
3.91 0.0001
3.926991 -0.17
4.014257 -0.41
4.101524 -0.53
4.188790 -0.56
4.276057 -0.73
4.363323 -0.85
4.450590 -1.01
4.537856 -1.10
4.625123 -1.14
4.712389 -1.20
4.799655 -1.27
4.886922 -1.32
4.974188 -1.33
5.061455 -1.33
5.148721 -1.36
5.235988 -1.41
5.323254 -1.45
5.410521 -1.49
5.497787 -1.56
5.585054 -1.59
5.672320 -1.63
5.759587 -1.66
5.846853 -1.67
5.934119 -1.66
6.021386 -1.62
6.108652 -1.53
6.195919 -1.39
6.283185 -1.17
SPECIFIC SPEED (US/SI): 8730 / 169
CURVE FORMAT: Suter_ThorleyFormat
HEAD: 74
0.000001 -1.53
0.087266 -1.47
0.174533 -1.39
0.261799 -1.24
0.349066 -1.04
0.436332 -0.84
0.523599 -0.58
0.610865 0.0001
0.698132 0.45
0.785398 0.71
0.872665 0.81
0.959931 0.89
1.047198 0.95
1.134464 1.01
1.221730 1.06
1.308997 1.14
1.396263 1.20
1.483530 1.26
1.570796 1.33
1.658063 1.37
1.745329 1.43
1.832596 1.46
1.919862 1.51
2.007129 1.55
2.094395 1.58
2.181662 1.63
2.268928 1.66
2.356194 1.68
2.443461 1.68
2.530727 1.66
2.617994 1.66
2.705260 1.64
2.792527 1.62
2.879793 1.58
2.967060 1.55
3.054326 1.48
3.141593 1.40
3.228859 1.34
3.316126 1.26
3.403392 1.14
3.490659 1.04
3.577925 0.91
3.665191 0.80
3.752458 0.57
3.839724 0.53
3.926991 0.42
4.014257 0.30
4.101524 0.17
4.18 0.0001
4.188790 -0.04
4.276057 -0.23
4.363323 -0.38
4.450590 -0.51
4.537856 -0.63
4.625123 -0.78
4.712389 -0.88
4.799655 -0.93
4.886922 -0.96
4.974188 -0.99
5.061455 -1.00
5.148721 -1.03
5.235988 -1.06
5.323254 -1.13
5.410521 -1.21
5.497787 -1.30
5.585054 -1.37
5.672320 -1.44
5.759587 -1.48
5.846853 -1.53
5.934119 -1.57
6.021386 -1.57
6.108652 -1.58
6.195919 -1.57
6.283185 -1.53
TORQUE: 75
0.000001 -1.64
0.087266 -1.56
0.174533 -1.41
0.261799 -1.24
0.349066 -1.04
0.436332 -0.83
0.523599 -0.35
0.58 0.0001
0.610865 0.27
0.698132 0.58
0.785398 0.71
0.872665 0.77
0.959931 0.82
1.047198 0.86
1.134464 0.88
1.221730 0.89
1.308997 0.89
1.396263 0.90
1.483530 0.94
1.570796 1.00
1.658063 1.03
1.745329 1.10
1.832596 1.15
1.919862 1.22
2.007129 1.26
2.094395 1.36
2.181662 1.42
2.268928 1.47
2.356194 1.55
2.443461 1.57
2.530727 1.61
2.617994 1.66
2.705260 1.66
2.792527 1.68
2.879793 1.68
2.967060 1.69
3.054326 1.69
3.141593 1.63
3.228859 1.55
3.316126 1.47
3.403392 1.32
3.490659 1.17
3.577925 0.98
3.665191 0.83
3.752458 0.62
3.839724 0.21
3.89 0.0001
3.926991 -0.19
4.014257 -0.30
4.101524 -0.54
4.188790 -0.69
4.276057 -0.83
4.363323 -0.96
4.450590 -1.08
4.537856 -1.18
4.625123 -1.28
4.712389 -1.34
4.799655 -1.44
4.886922 -1.49
4.974188 -1.57
5.061455 -1.62
5.148721 -1.68
5.235988 -1.72
5.323254 -1.75
5.410521 -1.80
5.497787 -1.83
5.585054 -1.86
5.672320 -1.86
5.759587 -1.84
5.846853 -1.82
5.934119 -1.80
6.021386 -1.78
6.108652 -1.75
6.195919 -1.72
6.283185 -1.64
SPECIFIC SPEED (US/SI): 13470 / 261
CURVE FORMAT: unused
HEAD: 75
0.000001 -0.98
0.087266 -0.96
0.174533 -0.98
0.261799 -0.94
0.349066 -0.82
0.436332 -0.68
0.523599 -0.49
0.610865 -0.14
0.64 0.0001
0.698132 0.49
0.785398 0.71
0.872665 0.89
0.959931 1.03
1.047198 1.14
1.134464 1.22
1.221730 1.32
1.308997 1.41
1.396263 1.50
1.483530 1.59
1.570796 1.68
1.658063 1.75
1.745329 1.82
1.832596 1.87
1.919862 1.92
2.007129 1.95
2.094395 1.97
2.181662 1.95
2.268928 1.92
2.356194 1.86
2.443461 1.78
2.530727 1.69
2.617994 1.57
2.705260 1.50
2.792527 1.40
2.879793 1.30
2.967060 1.22
3.054326 1.13
3.141593 1.04
3.228859 0.95
3.316126 0.88
3.403392 0.84
3.490659 0.84
3.577925 0.82
3.665191 0.76
3.752458 0.64
3.839724 0.51
3.926991 0.17
3.96 0.0001
4.014257 -0.42
4.101524 -0.61
4.188790 -0.77
4.276057 -0.86
4.363323 -0.95
4.450590 -1.09
4.537856 -1.23
4.625123 -1.36
4.712389 -1.48
4.799655 -1.58
4.886922 -1.67
4.974188 -1.71
5.061455 -1.75
5.148721 -1.76
5.235988 -1.79
5.323254 -1.76
5.410521 -1.76
5.497787 -1.72
5.585054 -1.69
5.672320 -1.62
5.759587 -1.52
5.846853 -1.44
5.934119 -1.34
6.021386 -1.25
6.108652 -1.15
6.195919 -1.06
6.283185 -0.98
TORQUE: 75
0.000001 -0.75
0.087266 -0.78
0.174533 -0.85
0.261799 -0.81
0.349066 -0.73
0.436332 -0.62
0.523599 -0.39
0.58 0.0001
0.610865 0.24
0.698132 0.55
0.785398 0.71
0.872665 0.80
0.959931 0.87
1.047198 0.94
1.134464 0.97
1.221730 1.05
1.308997 1.18
1.396263 1.29
1.483530 1.37
1.570796 1.45
1.658063 1.51
1.745329 1.59
1.832596 1.64
1.919862 1.68
2.007129 1.74
2.094395 1.80
2.181662 1.80
2.268928 1.77
2.356194 1.70
2.443461 1.61
2.530727 1.55
2.617994 1.45
2.705260 1.35
2.792527 1.25
2.879793 1.15
2.967060 1.05
3.054326 0.96
3.141593 0.81
3.228859 0.70
3.316126 0.72
3.403392 0.81
3.490659 0.82
3.577925 0.80
3.665191 0.71
3.752458 0.57
3.839724 0.35
3.89 0.0001
3.926991 -0.39
4.014257 -0.62
4.101524 -0.78
4.188790 -0.90
4.276057 -0.98
4.363323 -1.08
4.450590 -1.21
4.537856 -1.32
4.625123 -1.42
4.712389 -1.52
4.799655 -1.59
4.886922 -1.67
4.974188 -1.71
5.061455 -1.75
5.148721 -1.76
5.235988 -1.79
5.323254 -1.76
5.410521 -1.76
5.497787 -1.72
5.585054 -1.69
5.672320 -1.62
5.759587 -1.52
5.846853 -1.44
5.934119 -1.33
6.021386 -1.21
6.108652 -1.07
6.195919 -0.92
6.283185 -0.75
SPECIFIC SPEED (US/SI): 810/16
CURVE FORMAT: Unused
HEAD: 36
0.7854 0.5
0.8727 0.6
0.9599 0.72
1.0472 0.83
1.1345 0.92
1.2217 1.
1.309 1.1
1.3963 1.2
1.4835 1.28
1.5708 1.31
1.6581 1.29
1.7453 1.26
1.8326 1.26
1.9199 1.24
2.0071 1.2
2.0944 1.16
2.1817 1.12
2.2689 1.11
2.3562 1.1
2.4435 1.49
2.5307 1.47
2.618 1.45
2.7053 1.4
2.7925 1.32
2.8798 1.26
2.9671 1.18
3.0543 1.12
3.1416 1.11
3.2289 1.1
3.3161 1.07
3.4034 1.02
3.4907 0.98
3.5779 0.9
3.6652 0.78
3.7525 0.68
3.8397 0.6
TORQUE: 36
0.7854 0.50
0.8727 0.53
0.9599 0.57
1.0472 0.60
1.1345 0.62
1.2217 0.62
1.3090 0.60
1.3963 0.55
1.4835 0.47
1.5708 0.40
1.6581 0.30
1.7453 0.25
1.8326 0.23
1.9199 0.26
2.0071 0.32
2.0944 0.40
2.1817 0.48
2.2689 0.55
2.3562 0.63
2.4435 0.97
2.5307 1.05
2.6180 1.12
2.7053 1.13
2.7925 1.14
2.8798 1.12
2.9671 1.08
3.0543 1.04
3.1416 1.03
3.2289 1.00
3.3161 0.97
3.4034 0.92
3.4907 0.86
3.5779 0.76
3.6652 0.64
3.7525 0.51
3.8397 0.40
SPECIFIC SPEED (US/SI): 1060 / 21
CURVE FORMAT: Suter_ChaudhryFormat
HEAD: 72
0.001 -0.44
0.0873 -0.37
0.1745 -0.21
0.2618 -0.11
0.3491 -0.04
0.4363 -0.0001
0.5236 0.09
0.6109 0.22
0.6981 0.36
0.7854 0.5
0.8727 0.64
0.9599 0.79
1.0472 0.92
1.1345 1.03
1.2217 1.11
1.309 1.2
1.3963 1.24
1.4835 1.27
1.5708 1.28
1.6581 1.28
1.7453 1.27
1.8326 1.26
1.9199 1.25
2.0071 1.24
2.0944 1.25
2.1817 1.23
2.2689 1.19
2.3562 1.19
2.4435 1.2
2.5307 1.19
2.618 1.14
2.7053 1.09
2.7925 1.02
2.8798 0.96
2.9671 0.9
3.0543 0.83
3.1416 0.77
3.2289 0.7
3.3161 0.63
3.4034 0.56
3.4907 0.49
3.5779 0.43
3.6652 0.4
3.7525 0.39
3.8397 0.4
3.927 0.42
4.0143 0.48
4.1015 0.53
4.1888 0.6
4.2761 0.63
4.3633 0.67
4.4506 0.71
4.5379 0.73
4.6251 0.74
4.7124 0.74
4.7997 0.7
4.8869 0.61
4.9742 0.5
5.0615 0.39
5.1487 0.26
5.236 0.14
5.3233 0.0001
5.4105 -0.15
5.4978 -0.3
5.5851 -0.45
5.6723 -0.6
5.7596 -0.64
5.8469 -0.66
5.9341 -0.68
6.0214 -0.66
6.1087 -0.6
6.1959 -0.53
TORQUE: 72
0.001 -0.62
0.0873 -0.51
0.1745 -0.41
0.2618 -0.3
0.3491 -0.19
0.4363 0.0001
0.5236 0.23
0.6109 0.34
0.6981 0.42
0.7854 0.5
0.8727 0.54
0.9599 0.57
1.0472 0.57
1.1345 0.55
1.2217 0.51
1.309 0.47
1.3963 0.42
1.4835 0.38
1.5708 0.34
1.6581 0.3
1.7453 0.27
1.8326 0.25
1.9199 0.24
2.0071 0.25
2.0944 0.28
2.1817 0.31
2.2689 0.38
2.3562 0.44
2.4435 0.5
2.5307 0.56
2.618 0.62
2.7053 0.67
2.7925 0.7
2.8798 0.72
2.9671 0.73
3.0543 0.74
3.1416 0.73
3.2289 0.7
3.3161 0.66
3.4034 0.61
3.4907 0.56
3.5779 0.51
3.6652 0.45
3.7525 0.39
3.8397 0.33
3.927 0.27
4.0143 0.2
4.1015 0.13
4.1888 0.07
4.2761 0.0001
4.3633 -0.07
4.4506 -0.15
4.5379 -0.24
4.6251 -0.31
4.7124 -0.4
4.7997 -0.49
4.8869 -0.6
4.9742 -0.74
5.0615 -0.89
5.1487 -1.01
5.236 -1.14
5.3233 -1.25
5.4105 -1.4
5.4978 -1.6
5.5851 -1.63
5.6723 -1.56
5.7596 -1.44
5.8469 -1.33
5.9341 -1.18
6.0214 -1.
6.1087 -0.83
6.1959 -0.7
SPECIFIC SPEED (US/SI): 1140 / 22
CURVE FORMAT: Suter_ChaudhryFormat
HEAD: 72
0.0011 -0.37
0.0873 -0.32
0.1745 -0.24
0.2618 -0.15
0.3491 -0.06
0.4363 -0.0001
0.5236 0.18
0.6109 0.31
0.6981 0.41
0.7854 0.5
0.8727 0.61
0.9599 0.7
1.0472 0.84
1.1345 0.94
1.2217 1.09
1.3090 1.2
1.3963 1.29
1.4835 1.35
1.5708 1.38
1.6581 1.4
1.7453 1.41
1.8326 1.42
1.9199 1.44
2.0071 1.45
2.0944 1.44
2.1817 1.44
2.2689 1.41
2.3562 1.48
2.4435 1.45
2.5307 1.42
2.6180 1.38
2.7053 1.33
2.7925 1.26
2.8798 1.19
2.9671 1.08
3.0543 1.09
3.1416 0.85
3.2289 0.71
3.3161 0.59
3.4034 0.51
3.4907 0.45
3.5779 0.44
3.6652 0.45
3.7525 0.48
3.8397 0.53
3.9270 0.59
4.0143 0.63
4.1015 0.69
4.1888 0.77
4.2761 0.85
4.3633 0.91
4.4506 0.94
4.5379 0.94
4.6251 0.91
4.7124 0.86
4.7997 0.77
4.8869 0.69
4.9742 0.64
5.0615 0.59
5.1487 0.5
5.2360 0.42
5.3233 0.31
5.4105 0.21
5.4978 0.12
5.5851 0.05
5.6723 -0.0001
5.7596 -0.13
5.8469 -0.22
5.9341 -0.3
6.0214 -0.36
6.1087 -0.38
6.1959 -0.38
TORQUE: 72 
0.0001 -0.42
0.0873 -0.27
0.1745 -0.12
0.2618 0.0001
0.3491 0.14
0.4363 0.24
0.5236 0.33
0.6109 0.41
0.6981 0.47
0.7854 0.5
0.8727 0.54
0.9599 0.56
1.0472 0.59
1.1345 0.58
1.2217 0.58
1.3090 0.54
1.3963 0.47
1.4835 0.39
1.5708 0.32
1.6581 0.26
1.7453 0.21
1.8326 0.21
1.9199 0.24
2.0071 0.29
2.0944 0.33
2.1817 0.38
2.2689 0.41
2.3562 0.43
2.4435 0.46
2.5307 0.48
2.6180 0.5
2.7053 0.52
2.7925 0.56
2.8798 0.59
2.9671 0.6
3.0543 0.57
3.1416 0.48
3.2289 0.39
3.3161 0.34
3.4034 0.29
3.4907 0.25
3.5779 0.21
3.6652 0.19
3.7525 0.15
3.8397 0.11
3.9270 0.07
4.0143 0.03
4.1015 -0.0001
4.1888 -0.06
4.2761 -0.11
4.3633 -0.19
4.4506 -0.27
4.5379 -0.38
4.6251 -0.49
4.7124 -0.62
4.7997 -0.73
4.8869 -0.81
4.9742 -0.86
5.0615 -0.87
5.1487 -0.9
5.2360 -0.93
5.3233 -1.09
5.4105 -1.09
5.4978 -1.09
5.5851 -1.
5.6723 -0.97
5.7596 -0.95
5.8469 -0.92
5.9341 -0.88
6.0214 -0.78
6.1087 -0.69
6.1959 -0.59
SPECIFIC SPEED (US/SI): 1320 / 26
CURVE FORMAT: Unused
HEAD: 36  
0.7854 0.50
0.8727 0.64
0.9599 0.76
1.0472 0.91
1.1345 1.06
1.2217 1.22
1.3090 1.38
1.3963 1.48
1.4835 1.58
1.5708 1.62
1.6581 1.62
1.7453 1.60
1.8326 1.56
1.9199 1.51
2.0071 1.46
2.0944 1.39
2.1817 1.30
2.2689 1.17
2.3562 1.06
2.4435 1.03
2.5307 1.06
2.6180 1.08
2.7053 1.00
2.7925 0.92
2.8798 0.87
2.9671 0.84
3.0543 0.80
3.1416 0.77
3.2289 0.76
3.3161 0.76
3.4034 0.77
3.4907 0.76
3.5779 0.76
3.6652 0.75
3.7525 0.73
3.8397 0.69
TORQUE: 36 
0.7854 0.50
0.8727 0.52
0.9599 0.54
1.0472 0.57
1.1345 0.62
1.2217 0.67
1.3090 0.71
1.3963 0.75
1.4835 0.79
1.5708 0.80
1.6581 0.81
1.7453 0.82
1.8326 0.83
1.9199 0.83
2.0071 0.82
2.0944 0.80
2.1817 0.77
2.2689 0.72
2.3562 0.70
2.4435 0.76
2.5307 0.84
2.6180 0.91
2.7053 0.94
2.7925 0.96
2.8798 0.92
2.9671 0.90
3.0543 0.89
3.1416 0.87
3.2289 0.86
3.3161 0.89
3.4034 0.94
3.4907 0.92
3.5779 0.87
3.6652 0.80
3.7525 0.75
3.8397 0.67
SPECIFIC SPEED (US/SI): 1490 / 29
CURVE FORMAT: Unused
HEAD: 36 
0.7854 0.50
0.8727 0.60
0.9599 0.77
1.0472 0.90
1.1345 0.97
1.2217 1.11
1.3090 1.32
1.3963 1.36
1.4835 1.36
1.5708 1.37
1.6581 1.40
1.7453 1.47
1.8326 1.54
1.9199 1.62
2.0071 1.69
2.0944 1.74
2.1817 1.79
2.2689 1.77
2.3562 1.69
2.4435 1.60
2.5307 1.46
2.6180 1.31
2.7053 1.14
2.7925 1.00
2.8798 0.85
2.9671 0.74
3.0543 0.64
3.1416 0.53
3.2289 0.47
3.3161 0.41
3.4034 0.37
3.4907 0.38
3.5779 0.38
3.6652 0.34
3.7525 0.33
3.8397 0.36
TORQUE: 36  
0.7854 0.50
0.8727 0.58
0.9599 0.73
1.0472 0.88
1.1345 1.00
1.2217 1.14
1.3090 1.30
1.3963 1.43
1.4835 1.52
1.5708 1.60
1.6581 1.65
1.7453 1.70
1.8326 1.72
1.9199 1.70
2.0071 1.67
2.0944 1.62
2.1817 1.58
2.2689 1.50
2.3562 1.43
2.4435 1.37
2.5307 1.32
2.6180 1.28
2.7053 1.24
2.7925 1.19
2.8798 1.07
2.9671 0.93
3.0543 0.77
3.1416 0.62
3.2289 0.55
3.3161 0.50
3.4034 0.45
3.4907 0.42
3.5779 0.38
3.6652 0.30
3.7525 0.23
3.8397 0.20
SPECIFIC SPEED (US/SI): 1565 / 30
CURVE FORMAT: Unused
HEAD: 36  
0.7854 0.50
0.8727 0.65
0.9599 0.80
1.0472 0.93
1.1345 1.06
1.2217 1.17
1.309 1.26
1.3963 1.33
1.4835 1.40
1.5708 1.45
1.6581 1.45
1.7453 1.44
1.8326 1.42
1.9199 1.41
2.0071 1.39
2.0944 1.40
2.1817 1.39
2.2689 1.39
2.3562 1.41
2.4435 1.48
2.5307 1.67
2.618 2.07
2.7053 2.30
2.7925 2.39
2.8798 2.35
2.9671 2.23
3.0543 2.07
3.1416 1.80
3.2289 1.62
3.3161 1.44
3.4034 1.23
3.4907 1.00
3.5779 0.90
3.6652 0.80
3.7525 0.73
3.8397 0.68
TORQUE: 36 
0.7854 0.50
0.8727 0.44
0.9599 0.47
1.0472 0.49
1.1345 0.50
1.2217 0.50
1.309 0.51
1.3963 0.51
1.4835 0.52
1.5708 0.52
1.6581 0.53
1.7453 0.54
1.8326 0.56
1.9199 0.63
2.0071 0.71
2.0944 0.79
2.1817 0.90
2.2689 1.04
2.3562 1.22
2.4435 1.42
2.5307 1.64
2.618 1.99
2.7053 2.23
2.7925 2.34
2.8798 2.38
2.9671 2.33
3.0543 2.23
3.1416 2.05
3.2289 1.88
3.3161 1.70
3.4034 1.47
3.4907 1.22
3.5779 1.00
3.6652 0.90
3.7525 0.78
3.8397 0.65
SPECIFIC SPEED (US/SI): 1935 / 38
CURVE FORMAT: Suter_ChaudhryFormat
HEAD: 72
0.0001 -0.96
0.0873 -0.78
0.1745 -0.60
0.2618 -0.43
0.3491 -0.27
0.4363 -0.10
0.5236 0.0001
0.6109 0.22
0.6981 0.38
0.7854 0.50
0.8727 0.64
0.9599 0.74
1.0472 0.81
1.1345 0.90
1.2217 1.00
1.3090 1.08
1.3963 1.12
1.4835 1.14
1.5708 1.14
1.6581 1.14
1.7453 1.14
1.8326 1.13
1.9199 1.12
2.0071 1.11
2.0944 1.08
2.1817 1.05
2.2689 1.03
2.3562 1.04
2.4435 1.06
2.5307 1.06
2.6180 1.05
2.7053 1.04
2.7925 1.03
2.8798 1.03
2.9671 1.02
3.0543 0.97
3.1416 0.90
3.2289 0.85
3.3161 0.80
3.4034 0.75
3.4907 0.71
3.5779 0.67
3.6652 0.62
3.7525 0.58
3.8397 0.53
3.9270 0.51
4.0143 0.49
4.1015 0.50
4.1888 0.52
4.2761 0.54
4.3633 0.57
4.4506 0.59
4.5379 0.60
4.6251 0.59
4.7124 0.56
4.7997 0.50
4.8869 0.41
4.9742 0.29
5.0615 0.0001
5.1487 -0.11
5.2360 -0.31
5.3233 -0.49
5.4105 -0.52
5.4978 -0.54
5.5851 -0.57
5.6723 -0.60
5.7596 -0.64
5.8469 -0.67
5.9341 -0.70
6.0214 -0.75
6.1087 -0.80
6.1959 -0.90
TORQUE: 72 
0.0001 -0.58
0.0873 -0.40
0.1745 -0.25
0.2618 -0.10
0.3491 0.0001
0.4363 0.16
0.5236 0.27
0.6109 0.36
0.6981 0.43
0.7854 0.50
0.8727 0.54
0.9599 0.57
1.0472 0.58
1.1345 0.57
1.2217 0.55
1.3090 0.51
1.3963 0.48
1.4835 0.42
1.5708 0.38
1.6581 0.35
1.7453 0.34
1.8326 0.35
1.9199 0.38
2.0071 0.41
2.0944 0.46
2.1817 0.52
2.2689 0.60
2.3562 0.71
2.4435 0.81
2.5307 0.90
2.6180 1.00
2.7053 1.08
2.7925 1.14
2.8798 1.20
2.9671 1.22
3.0543 1.22
3.1416 1.20
3.2289 1.14
3.3161 1.08
3.4034 1.00
3.4907 0.90
3.5779 0.80
3.6652 0.70
3.7525 0.59
3.8397 0.48
3.9270 0.36
4.0143 0.26
4.1015 0.17
4.1888 0.10
4.2761 0.03
4.3633 -0.0001
4.4506 -0.09
4.5379 -0.15
4.6251 -0.20
4.7124 -0.27
4.7997 -0.36
4.8869 -0.48
4.9742 -0.62
5.0615 -0.77
5.1487 -0.90
5.2360 -1.02
5.3233 -1.12
5.4105 -1.25
5.4978 -1.40
5.5851 -1.55
5.6723 -1.55
5.7596 -1.40
5.8469 -1.25
5.9341 -1.10
6.0214 -0.95
6.1087 -0.80
6.1959 -0.68
SPECIFIC SPEED (US/SI): 4400 / 86
CURVE FORMAT: Suter_ChaudhryFormat
HEAD: 72 
0.0001 -1.22
0.0873 -1.07
0.1745 -0.90
0.2618 -0.74
0.3491 -0.54
0.4363 -0.36
0.5236 -0.15
0.6109 0.0001
0.6981 0.29
0.7854 0.50
0.8727 0.70
0.9599 0.89
1.0472 1.04
1.1345 1.19
1.2217 1.30
1.3090 1.40
1.3963 1.49
1.4835 1.53
1.5708 1.57
1.6581 1.60
1.7453 1.63
1.8326 1.67
1.9199 1.70
2.0071 1.73
2.0944 1.75
2.1817 1.72
2.2689 1.68
2.3562 1.64
2.4435 1.60
2.5307 1.56
2.6180 1.52
2.7053 1.49
2.7925 1.46
2.8798 1.42
2.9671 1.39
3.0543 1.35
3.1416 1.30
3.2289 1.25
3.3161 1.18
3.4034 1.10
3.4907 0.98
3.5779 0.80
3.6652 0.65
3.7525 0.55
3.8397 0.44
3.9270 0.37
4.0143 0.30
4.1015 0.24
4.1888 0.24
4.2761 0.27
4.3633 0.29
4.4506 0.31
4.5379 0.32
4.6251 0.33
4.7124 0.33
4.7997 0.31
4.8869 0.29
4.9742 0.22
5.0615 0.15
5.1487 0.0001
5.2360 -0.10
5.3233 -0.27
5.4105 -0.40
5.4978 -0.50
5.5851 -0.60
5.6723 -0.70
5.7596 -0.80
5.8469 -0.90
5.9341 -1.00
6.0214 -1.10
6.1087 -1.20
6.1959 -1.30
TORQUE: 72 
0.0001 -1.35
0.0873 -1.14
0.1745 -0.91
0.2618 -0.69
0.3491 -0.40
0.4363 -0.15
0.5236 0.0001
0.6109 0.21
0.6981 0.38
0.7854 0.50
0.8727 0.60
0.9599 0.69
1.0472 0.74
1.1345 0.79
1.2217 0.81
1.3090 0.84
1.3963 0.87
1.4835 0.91
1.5708 0.99
1.6581 1.06
1.7453 1.13
1.8326 1.22
1.9199 1.30
2.0071 1.39
2.0944 1.45
2.1817 1.50
2.2689 1.56
2.3562 1.61
2.4435 1.64
2.5307 1.65
2.6180 1.66
2.7053 1.66
2.7925 1.66
2.8798 1.67
2.9671 1.66
3.0543 1.63
3.1416 1.57
3.2289 1.48
3.3161 1.37
3.4034 1.23
3.4907 1.08
3.5779 0.91
3.6652 0.75
3.7525 0.60
3.8397 0.42
3.9270 0.27
4.0143 0.11
4.1015 -0.0001
4.1888 -0.13
4.2761 -0.26
4.3633 -0.37
4.4506 -0.49
4.5379 -0.60
4.6251 -0.69
4.7124 -0.77
4.7997 -0.86
4.8869 -0.96
4.9742 -1.10
5.0615 -1.30
5.1487 -1.67
5.2360 -1.93
5.3233 -2.04
5.4105 -2.15
5.4978 -2.25
5.5851 -2.35
5.6723 -2.33
5.7596 -2.20
5.8469 -2.05
5.9341 -1.95
6.0214 -1.80
6.1087 -1.65
6.1959 -1.50
